./incDriver.py data/faces-expressions.csv -I -i active -S 5 -T -v 1


Using: data/faces-expressions.csv (624)  --  (1.670724 s)
Initial Clustering: active
Initial:  --  (0.715412 s)
Accuracy: 624 of 624: 100.000 %
H: 1.000000 C: 0.215388 V: 0.354434 JCC: 0.000000

Rows are labels, Columns are Clusters

     0  1  2  3  4  5  6  7  8  9  10  11  12  13  14  15  16  17  18  19
  0  1  1  1  1  1  1  1  1  1  1   1   1   1   1   1   1   1   1   1   1
  1  0  0  0  0  0  0  0  0  0  0   0   0   0   0   0   0   0   0   0   0
  2  0  0  0  0  0  0  0  0  0  0   0   0   0   0   0   0   0   0   0   0
  3  0  0  0  0  0  0  0  0  0  0   0   0   0   0   0   0   0   0   0   0

     20  21  22  23  24  25  26  27  28  29  30  31  32  33  34  35  36  37  38  39
  0   1   1   1   1   1   1   1   1   1   1   1   1   1   1   1   1   1   1   1   1
  1   0   0   0   0   0   0   0   0   0   0   0   0   0   0   0   0   0   0   0   0
  2   0   0   0   0   0   0   0   0   0   0   0   0   0   0   0   0   0   0   0   0
  3   0   0   0   0   0   0   0   0   0   0   0   0   0   0   0   0   0   0   0   0

     40  41  42  43  44  45  46  47  48  49  50  51  52  53  54  55  56  57  58  59
  0   1   1   1   1   1   1   1   1   1   1   1   1   1   1   1   1   1   1   1   1
  1   0   0   0   0   0   0   0   0   0   0   0   0   0   0   0   0   0   0   0   0
  2   0   0   0   0   0   0   0   0   0   0   0   0   0   0   0   0   0   0   0   0
  3   0   0   0   0   0   0   0   0   0   0   0   0   0   0   0   0   0   0   0   0

     60  61  62  63  64  65  66  67  68  69  70  71  72  73  74  75  76  77  78  79
  0   1   1   1   1   1   1   1   1   1   1   1   1   1   1   1   1   1   1   1   1
  1   0   0   0   0   0   0   0   0   0   0   0   0   0   0   0   0   0   0   0   0
  2   0   0   0   0   0   0   0   0   0   0   0   0   0   0   0   0   0   0   0   0
  3   0   0   0   0   0   0   0   0   0   0   0   0   0   0   0   0   0   0   0   0

     80  81  82  83  84  85  86  87  88  89  90  91  92  93  94  95  96  97  98  99
  0   1   1   1   1   1   1   1   1   1   1   1   1   1   1   1   1   1   1   1   1
  1   0   0   0   0   0   0   0   0   0   0   0   0   0   0   0   0   0   0   0   0
  2   0   0   0   0   0   0   0   0   0   0   0   0   0   0   0   0   0   0   0   0
  3   0   0   0   0   0   0   0   0   0   0   0   0   0   0   0   0   0   0   0   0

     100  101  102  103  104  105  106  107  108  109  110  111  112  113  114  115  116  117  118  119
  0    1    1    1    1    1    1    1    1    1    1    1    1    1    1    1    1    1    1    1    1
  1    0    0    0    0    0    0    0    0    0    0    0    0    0    0    0    0    0    0    0    0
  2    0    0    0    0    0    0    0    0    0    0    0    0    0    0    0    0    0    0    0    0
  3    0    0    0    0    0    0    0    0    0    0    0    0    0    0    0    0    0    0    0    0

     120  121  122  123  124  125  126  127  128  129  130  131  132  133  134  135  136  137  138  139
  0    1    1    1    1    1    1    1    1    1    1    1    1    1    1    1    1    1    1    1    1
  1    0    0    0    0    0    0    0    0    0    0    0    0    0    0    0    0    0    0    0    0
  2    0    0    0    0    0    0    0    0    0    0    0    0    0    0    0    0    0    0    0    0
  3    0    0    0    0    0    0    0    0    0    0    0    0    0    0    0    0    0    0    0    0

     140  141  142  143  144  145  146  147  148  149  150  151  152  153  154  155  156  157  158  159
  0    1    1    1    1    1    1    1    1    1    1    1    1    1    1    1    1    1    1    0    0
  1    0    0    0    0    0    0    0    0    0    0    0    0    0    0    0    0    0    0    0    0
  2    0    0    0    0    0    0    0    0    0    0    0    0    0    0    0    0    0    0    0    0
  3    0    0    0    0    0    0    0    0    0    0    0    0    0    0    0    0    0    0    1    1

     160  161  162  163  164  165  166  167  168  169  170  171  172  173  174  175  176  177  178  179
  0    0    0    0    0    0    0    0    0    0    0    0    0    0    0    0    0    0    0    0    0
  1    0    0    0    0    0    0    0    0    0    0    0    0    0    0    0    0    0    0    0    0
  2    0    0    0    0    0    0    0    0    0    0    0    0    0    0    0    0    0    0    0    0
  3    1    1    1    1    1    1    1    1    1    1    1    1    1    1    1    1    1    1    1    1

     180  181  182  183  184  185  186  187  188  189  190  191  192  193  194  195  196  197  198  199
  0    0    0    0    0    0    0    0    0    0    0    0    0    0    0    0    0    0    0    0    0
  1    0    0    0    0    0    0    0    0    0    0    0    0    0    0    0    0    0    0    0    0
  2    0    0    0    0    0    0    0    0    0    0    0    0    0    0    0    0    0    0    0    0
  3    1    1    1    1    1    1    1    1    1    1    1    1    1    1    1    1    1    1    1    1

     200  201  202  203  204  205  206  207  208  209  210  211  212  213  214  215  216  217  218  219
  0    0    0    0    0    0    0    0    0    0    0    0    0    0    0    0    0    0    0    0    0
  1    0    0    0    0    0    0    0    0    0    0    0    0    0    0    0    0    0    0    0    0
  2    0    0    0    0    0    0    0    0    0    0    0    0    0    0    0    0    0    0    0    0
  3    1    1    1    1    1    1    1    1    1    1    1    1    1    1    1    1    1    1    1    1

     220  221  222  223  224  225  226  227  228  229  230  231  232  233  234  235  236  237  238  239
  0    0    0    0    0    0    0    0    0    0    0    0    0    0    0    0    0    0    0    0    0
  1    0    0    0    0    0    0    0    0    0    0    0    0    0    0    0    0    0    0    0    0
  2    0    0    0    0    0    0    0    0    0    0    0    0    0    0    0    0    0    0    0    0
  3    1    1    1    1    1    1    1    1    1    1    1    1    1    1    1    1    1    1    1    1

     240  241  242  243  244  245  246  247  248  249  250  251  252  253  254  255  256  257  258  259
  0    0    0    0    0    0    0    0    0    0    0    0    0    0    0    0    0    0    0    0    0
  1    0    0    0    0    0    0    0    0    0    0    0    0    0    0    0    0    0    0    0    0
  2    0    0    0    0    0    0    0    0    0    0    0    0    0    0    0    0    0    0    0    0
  3    1    1    1    1    1    1    1    1    1    1    1    1    1    1    1    1    1    1    1    1

     260  261  262  263  264  265  266  267  268  269  270  271  272  273  274  275  276  277  278  279
  0    0    0    0    0    0    0    0    0    0    0    0    0    0    0    0    0    0    0    0    0
  1    0    0    0    0    0    0    0    0    0    0    0    0    0    0    0    0    0    0    0    0
  2    0    0    0    0    0    0    0    0    0    0    0    0    0    0    0    0    0    0    0    0
  3    1    1    1    1    1    1    1    1    1    1    1    1    1    1    1    1    1    1    1    1

     280  281  282  283  284  285  286  287  288  289  290  291  292  293  294  295  296  297  298  299
  0    0    0    0    0    0    0    0    0    0    0    0    0    0    0    0    0    0    0    0    0
  1    0    0    0    0    0    0    0    0    0    0    0    0    0    0    0    0    0    0    0    0
  2    0    0    0    0    0    0    0    0    0    0    0    0    0    0    0    0    0    0    0    0
  3    1    1    1    1    1    1    1    1    1    1    1    1    1    1    1    1    1    1    1    1

     300  301  302  303  304  305  306  307  308  309  310  311  312  313  314  315  316  317  318  319
  0    0    0    0    0    0    0    0    0    0    0    0    0    0    0    0    0    0    0    0    0
  1    0    0    0    0    0    0    0    0    0    0    0    0    0    1    1    1    1    1    1    1
  2    0    0    0    0    0    0    0    0    0    0    0    0    0    0    0    0    0    0    0    0
  3    1    1    1    1    1    1    1    1    1    1    1    1    1    0    0    0    0    0    0    0

     320  321  322  323  324  325  326  327  328  329  330  331  332  333  334  335  336  337  338  339
  0    0    0    0    0    0    0    0    0    0    0    0    0    0    0    0    0    0    0    0    0
  1    1    1    1    1    1    1    1    1    1    1    1    1    1    1    1    1    1    1    1    1
  2    0    0    0    0    0    0    0    0    0    0    0    0    0    0    0    0    0    0    0    0
  3    0    0    0    0    0    0    0    0    0    0    0    0    0    0    0    0    0    0    0    0

     340  341  342  343  344  345  346  347  348  349  350  351  352  353  354  355  356  357  358  359
  0    0    0    0    0    0    0    0    0    0    0    0    0    0    0    0    0    0    0    0    0
  1    1    1    1    1    1    1    1    1    1    1    1    1    1    1    1    1    1    1    1    1
  2    0    0    0    0    0    0    0    0    0    0    0    0    0    0    0    0    0    0    0    0
  3    0    0    0    0    0    0    0    0    0    0    0    0    0    0    0    0    0    0    0    0

     360  361  362  363  364  365  366  367  368  369  370  371  372  373  374  375  376  377  378  379
  0    0    0    0    0    0    0    0    0    0    0    0    0    0    0    0    0    0    0    0    0
  1    1    1    1    1    1    1    1    1    1    1    1    1    1    1    1    1    1    1    1    1
  2    0    0    0    0    0    0    0    0    0    0    0    0    0    0    0    0    0    0    0    0
  3    0    0    0    0    0    0    0    0    0    0    0    0    0    0    0    0    0    0    0    0

     380  381  382  383  384  385  386  387  388  389  390  391  392  393  394  395  396  397  398  399
  0    0    0    0    0    0    0    0    0    0    0    0    0    0    0    0    0    0    0    0    0
  1    1    1    1    1    1    1    1    1    1    1    1    1    1    1    1    1    1    1    1    1
  2    0    0    0    0    0    0    0    0    0    0    0    0    0    0    0    0    0    0    0    0
  3    0    0    0    0    0    0    0    0    0    0    0    0    0    0    0    0    0    0    0    0

     400  401  402  403  404  405  406  407  408  409  410  411  412  413  414  415  416  417  418  419
  0    0    0    0    0    0    0    0    0    0    0    0    0    0    0    0    0    0    0    0    0
  1    1    1    1    1    1    1    1    1    1    1    1    1    1    1    1    1    1    1    1    1
  2    0    0    0    0    0    0    0    0    0    0    0    0    0    0    0    0    0    0    0    0
  3    0    0    0    0    0    0    0    0    0    0    0    0    0    0    0    0    0    0    0    0

     420  421  422  423  424  425  426  427  428  429  430  431  432  433  434  435  436  437  438  439
  0    0    0    0    0    0    0    0    0    0    0    0    0    0    0    0    0    0    0    0    0
  1    1    1    1    1    1    1    1    1    1    1    1    1    1    1    1    1    1    1    1    1
  2    0    0    0    0    0    0    0    0    0    0    0    0    0    0    0    0    0    0    0    0
  3    0    0    0    0    0    0    0    0    0    0    0    0    0    0    0    0    0    0    0    0

     440  441  442  443  444  445  446  447  448  449  450  451  452  453  454  455  456  457  458  459
  0    0    0    0    0    0    0    0    0    0    0    0    0    0    0    0    0    0    0    0    0
  1    1    1    1    1    1    1    1    1    1    1    1    1    1    1    1    1    1    1    1    1
  2    0    0    0    0    0    0    0    0    0    0    0    0    0    0    0    0    0    0    0    0
  3    0    0    0    0    0    0    0    0    0    0    0    0    0    0    0    0    0    0    0    0

     460  461  462  463  464  465  466  467  468  469  470  471  472  473  474  475  476  477  478  479
  0    0    0    0    0    0    0    0    0    0    0    0    0    0    0    0    0    0    0    0    0
  1    1    1    1    1    1    1    1    1    1    0    0    0    0    0    0    0    0    0    0    0
  2    0    0    0    0    0    0    0    0    0    1    1    1    1    1    1    1    1    1    1    1
  3    0    0    0    0    0    0    0    0    0    0    0    0    0    0    0    0    0    0    0    0

     480  481  482  483  484  485  486  487  488  489  490  491  492  493  494  495  496  497  498  499
  0    0    0    0    0    0    0    0    0    0    0    0    0    0    0    0    0    0    0    0    0
  1    0    0    0    0    0    0    0    0    0    0    0    0    0    0    0    0    0    0    0    0
  2    1    1    1    1    1    1    1    1    1    1    1    1    1    1    1    1    1    1    1    1
  3    0    0    0    0    0    0    0    0    0    0    0    0    0    0    0    0    0    0    0    0

     500  501  502  503  504  505  506  507  508  509  510  511  512  513  514  515  516  517  518  519
  0    0    0    0    0    0    0    0    0    0    0    0    0    0    0    0    0    0    0    0    0
  1    0    0    0    0    0    0    0    0    0    0    0    0    0    0    0    0    0    0    0    0
  2    1    1    1    1    1    1    1    1    1    1    1    1    1    1    1    1    1    1    1    1
  3    0    0    0    0    0    0    0    0    0    0    0    0    0    0    0    0    0    0    0    0

     520  521  522  523  524  525  526  527  528  529  530  531  532  533  534  535  536  537  538  539
  0    0    0    0    0    0    0    0    0    0    0    0    0    0    0    0    0    0    0    0    0
  1    0    0    0    0    0    0    0    0    0    0    0    0    0    0    0    0    0    0    0    0
  2    1    1    1    1    1    1    1    1    1    1    1    1    1    1    1    1    1    1    1    1
  3    0    0    0    0    0    0    0    0    0    0    0    0    0    0    0    0    0    0    0    0

     540  541  542  543  544  545  546  547  548  549  550  551  552  553  554  555  556  557  558  559
  0    0    0    0    0    0    0    0    0    0    0    0    0    0    0    0    0    0    0    0    0
  1    0    0    0    0    0    0    0    0    0    0    0    0    0    0    0    0    0    0    0    0
  2    1    1    1    1    1    1    1    1    1    1    1    1    1    1    1    1    1    1    1    1
  3    0    0    0    0    0    0    0    0    0    0    0    0    0    0    0    0    0    0    0    0

     560  561  562  563  564  565  566  567  568  569  570  571  572  573  574  575  576  577  578  579
  0    0    0    0    0    0    0    0    0    0    0    0    0    0    0    0    0    0    0    0    0
  1    0    0    0    0    0    0    0    0    0    0    0    0    0    0    0    0    0    0    0    0
  2    1    1    1    1    1    1    1    1    1    1    1    1    1    1    1    1    1    1    1    1
  3    0    0    0    0    0    0    0    0    0    0    0    0    0    0    0    0    0    0    0    0

     580  581  582  583  584  585  586  587  588  589  590  591  592  593  594  595  596  597  598  599
  0    0    0    0    0    0    0    0    0    0    0    0    0    0    0    0    0    0    0    0    0
  1    0    0    0    0    0    0    0    0    0    0    0    0    0    0    0    0    0    0    0    0
  2    1    1    1    1    1    1    1    1    1    1    1    1    1    1    1    1    1    1    1    1
  3    0    0    0    0    0    0    0    0    0    0    0    0    0    0    0    0    0    0    0    0

     600  601  602  603  604  605  606  607  608  609  610  611  612  613  614  615  616  617  618  619
  0    0    0    0    0    0    0    0    0    0    0    0    0    0    0    0    0    0    0    0    0
  1    0    0    0    0    0    0    0    0    0    0    0    0    0    0    0    0    0    0    0    0
  2    1    1    1    1    1    1    1    1    1    1    1    1    1    1    1    1    1    1    1    1
  3    0    0    0    0    0    0    0    0    0    0    0    0    0    0    0    0    0    0    0    0

     620  621  622  623
  0    0    0    0    0
  1    0    0    0    0
  2    1    1    1    1
  3    0    0    0    0




Class: MergeINCREMENT
	RecursiveOPTICS
	MedoidSelector
	FarthestLabelFeedback
	OracleMatching
	Siamese


Siamese Setup:
	Batch Size: 10
	Output Size: 100
	Train Size: 100000

Testing INCREMENT
Subclustering:
Computing Distance
Running OPTICS: minPts = 5

Subcluster Breakdown:
	0: 0.000000 (1)
		0: 0.000000 -- 0.000000  (1)
	--> std: 0.000000 -- 0.000000

	1: 0.000000 (1)
		1: 0.000000 -- 0.000000  (1)
	--> std: 0.000000 -- 0.000000

	2: 0.000000 (1)
		2: 0.000000 -- 0.000000  (1)
	--> std: 0.000000 -- 0.000000

	3: 0.000000 (1)
		3: 0.000000 -- 0.000000  (1)
	--> std: 0.000000 -- 0.000000

	4: 0.000000 (1)
		4: 0.000000 -- 0.000000  (1)
	--> std: 0.000000 -- 0.000000

	5: 0.000000 (1)
		5: 0.000000 -- 0.000000  (1)
	--> std: 0.000000 -- 0.000000

	6: 0.000000 (1)
		6: 0.000000 -- 0.000000  (1)
	--> std: 0.000000 -- 0.000000

	7: 0.000000 (1)
		7: 0.000000 -- 0.000000  (1)
	--> std: 0.000000 -- 0.000000

	8: 0.000000 (1)
		8: 0.000000 -- 0.000000  (1)
	--> std: 0.000000 -- 0.000000

	9: 0.000000 (1)
		9: 0.000000 -- 0.000000  (1)
	--> std: 0.000000 -- 0.000000

	10: 0.000000 (1)
		10: 0.000000 -- 0.000000  (1)
	--> std: 0.000000 -- 0.000000

	11: 0.000000 (1)
		11: 0.000000 -- 0.000000  (1)
	--> std: 0.000000 -- 0.000000

	12: 0.000000 (1)
		12: 0.000000 -- 0.000000  (1)
	--> std: 0.000000 -- 0.000000

	13: 0.000000 (1)
		13: 0.000000 -- 0.000000  (1)
	--> std: 0.000000 -- 0.000000

	14: 0.000000 (1)
		14: 0.000000 -- 0.000000  (1)
	--> std: 0.000000 -- 0.000000

	15: 0.000000 (1)
		15: 0.000000 -- 0.000000  (1)
	--> std: 0.000000 -- 0.000000

	16: 0.000000 (1)
		16: 0.000000 -- 0.000000  (1)
	--> std: 0.000000 -- 0.000000

	17: 0.000000 (1)
		17: 0.000000 -- 0.000000  (1)
	--> std: 0.000000 -- 0.000000

	18: 0.000000 (1)
		18: 0.000000 -- 0.000000  (1)
	--> std: 0.000000 -- 0.000000

	19: 0.000000 (1)
		19: 0.000000 -- 0.000000  (1)
	--> std: 0.000000 -- 0.000000

	20: 0.000000 (1)
		20: 0.000000 -- 0.000000  (1)
	--> std: 0.000000 -- 0.000000

	21: 0.000000 (1)
		21: 0.000000 -- 0.000000  (1)
	--> std: 0.000000 -- 0.000000

	22: 0.000000 (1)
		22: 0.000000 -- 0.000000  (1)
	--> std: 0.000000 -- 0.000000

	23: 0.000000 (1)
		23: 0.000000 -- 0.000000  (1)
	--> std: 0.000000 -- 0.000000

	24: 0.000000 (1)
		24: 0.000000 -- 0.000000  (1)
	--> std: 0.000000 -- 0.000000

	25: 0.000000 (1)
		25: 0.000000 -- 0.000000  (1)
	--> std: 0.000000 -- 0.000000

	26: 0.000000 (1)
		26: 0.000000 -- 0.000000  (1)
	--> std: 0.000000 -- 0.000000

	27: 0.000000 (1)
		27: 0.000000 -- 0.000000  (1)
	--> std: 0.000000 -- 0.000000

	28: 0.000000 (1)
		28: 0.000000 -- 0.000000  (1)
	--> std: 0.000000 -- 0.000000

	29: 0.000000 (1)
		29: 0.000000 -- 0.000000  (1)
	--> std: 0.000000 -- 0.000000

	30: 0.000000 (1)
		30: 0.000000 -- 0.000000  (1)
	--> std: 0.000000 -- 0.000000

	31: 0.000000 (1)
		31: 0.000000 -- 0.000000  (1)
	--> std: 0.000000 -- 0.000000

	32: 0.000000 (1)
		32: 0.000000 -- 0.000000  (1)
	--> std: 0.000000 -- 0.000000

	33: 0.000000 (1)
		33: 0.000000 -- 0.000000  (1)
	--> std: 0.000000 -- 0.000000

	34: 0.000000 (1)
		34: 0.000000 -- 0.000000  (1)
	--> std: 0.000000 -- 0.000000

	35: 0.000000 (1)
		35: 0.000000 -- 0.000000  (1)
	--> std: 0.000000 -- 0.000000

	36: 0.000000 (1)
		36: 0.000000 -- 0.000000  (1)
	--> std: 0.000000 -- 0.000000

	37: 0.000000 (1)
		37: 0.000000 -- 0.000000  (1)
	--> std: 0.000000 -- 0.000000

	38: 0.000000 (1)
		38: 0.000000 -- 0.000000  (1)
	--> std: 0.000000 -- 0.000000

	39: 0.000000 (1)
		39: 0.000000 -- 0.000000  (1)
	--> std: 0.000000 -- 0.000000

	40: 0.000000 (1)
		40: 0.000000 -- 0.000000  (1)
	--> std: 0.000000 -- 0.000000

	41: 0.000000 (1)
		41: 0.000000 -- 0.000000  (1)
	--> std: 0.000000 -- 0.000000

	42: 0.000000 (1)
		42: 0.000000 -- 0.000000  (1)
	--> std: 0.000000 -- 0.000000

	43: 0.000000 (1)
		43: 0.000000 -- 0.000000  (1)
	--> std: 0.000000 -- 0.000000

	44: 0.000000 (1)
		44: 0.000000 -- 0.000000  (1)
	--> std: 0.000000 -- 0.000000

	45: 0.000000 (1)
		45: 0.000000 -- 0.000000  (1)
	--> std: 0.000000 -- 0.000000

	46: 0.000000 (1)
		46: 0.000000 -- 0.000000  (1)
	--> std: 0.000000 -- 0.000000

	47: 0.000000 (1)
		47: 0.000000 -- 0.000000  (1)
	--> std: 0.000000 -- 0.000000

	48: 0.000000 (1)
		48: 0.000000 -- 0.000000  (1)
	--> std: 0.000000 -- 0.000000

	49: 0.000000 (1)
		49: 0.000000 -- 0.000000  (1)
	--> std: 0.000000 -- 0.000000

	50: 0.000000 (1)
		50: 0.000000 -- 0.000000  (1)
	--> std: 0.000000 -- 0.000000

	51: 0.000000 (1)
		51: 0.000000 -- 0.000000  (1)
	--> std: 0.000000 -- 0.000000

	52: 0.000000 (1)
		52: 0.000000 -- 0.000000  (1)
	--> std: 0.000000 -- 0.000000

	53: 0.000000 (1)
		53: 0.000000 -- 0.000000  (1)
	--> std: 0.000000 -- 0.000000

	54: 0.000000 (1)
		54: 0.000000 -- 0.000000  (1)
	--> std: 0.000000 -- 0.000000

	55: 0.000000 (1)
		55: 0.000000 -- 0.000000  (1)
	--> std: 0.000000 -- 0.000000

	56: 0.000000 (1)
		56: 0.000000 -- 0.000000  (1)
	--> std: 0.000000 -- 0.000000

	57: 0.000000 (1)
		57: 0.000000 -- 0.000000  (1)
	--> std: 0.000000 -- 0.000000

	58: 0.000000 (1)
		58: 0.000000 -- 0.000000  (1)
	--> std: 0.000000 -- 0.000000

	59: 0.000000 (1)
		59: 0.000000 -- 0.000000  (1)
	--> std: 0.000000 -- 0.000000

	60: 0.000000 (1)
		60: 0.000000 -- 0.000000  (1)
	--> std: 0.000000 -- 0.000000

	61: 0.000000 (1)
		61: 0.000000 -- 0.000000  (1)
	--> std: 0.000000 -- 0.000000

	62: 0.000000 (1)
		62: 0.000000 -- 0.000000  (1)
	--> std: 0.000000 -- 0.000000

	63: 0.000000 (1)
		63: 0.000000 -- 0.000000  (1)
	--> std: 0.000000 -- 0.000000

	64: 0.000000 (1)
		64: 0.000000 -- 0.000000  (1)
	--> std: 0.000000 -- 0.000000

	65: 0.000000 (1)
		65: 0.000000 -- 0.000000  (1)
	--> std: 0.000000 -- 0.000000

	66: 0.000000 (1)
		66: 0.000000 -- 0.000000  (1)
	--> std: 0.000000 -- 0.000000

	67: 0.000000 (1)
		67: 0.000000 -- 0.000000  (1)
	--> std: 0.000000 -- 0.000000

	68: 0.000000 (1)
		68: 0.000000 -- 0.000000  (1)
	--> std: 0.000000 -- 0.000000

	69: 0.000000 (1)
		69: 0.000000 -- 0.000000  (1)
	--> std: 0.000000 -- 0.000000

	70: 0.000000 (1)
		70: 0.000000 -- 0.000000  (1)
	--> std: 0.000000 -- 0.000000

	71: 0.000000 (1)
		71: 0.000000 -- 0.000000  (1)
	--> std: 0.000000 -- 0.000000

	72: 0.000000 (1)
		72: 0.000000 -- 0.000000  (1)
	--> std: 0.000000 -- 0.000000

	73: 0.000000 (1)
		73: 0.000000 -- 0.000000  (1)
	--> std: 0.000000 -- 0.000000

	74: 0.000000 (1)
		74: 0.000000 -- 0.000000  (1)
	--> std: 0.000000 -- 0.000000

	75: 0.000000 (1)
		75: 0.000000 -- 0.000000  (1)
	--> std: 0.000000 -- 0.000000

	76: 0.000000 (1)
		76: 0.000000 -- 0.000000  (1)
	--> std: 0.000000 -- 0.000000

	77: 0.000000 (1)
		77: 0.000000 -- 0.000000  (1)
	--> std: 0.000000 -- 0.000000

	78: 0.000000 (1)
		78: 0.000000 -- 0.000000  (1)
	--> std: 0.000000 -- 0.000000

	79: 0.000000 (1)
		79: 0.000000 -- 0.000000  (1)
	--> std: 0.000000 -- 0.000000

	80: 0.000000 (1)
		80: 0.000000 -- 0.000000  (1)
	--> std: 0.000000 -- 0.000000

	81: 0.000000 (1)
		81: 0.000000 -- 0.000000  (1)
	--> std: 0.000000 -- 0.000000

	82: 0.000000 (1)
		82: 0.000000 -- 0.000000  (1)
	--> std: 0.000000 -- 0.000000

	83: 0.000000 (1)
		83: 0.000000 -- 0.000000  (1)
	--> std: 0.000000 -- 0.000000

	84: 0.000000 (1)
		84: 0.000000 -- 0.000000  (1)
	--> std: 0.000000 -- 0.000000

	85: 0.000000 (1)
		85: 0.000000 -- 0.000000  (1)
	--> std: 0.000000 -- 0.000000

	86: 0.000000 (1)
		86: 0.000000 -- 0.000000  (1)
	--> std: 0.000000 -- 0.000000

	87: 0.000000 (1)
		87: 0.000000 -- 0.000000  (1)
	--> std: 0.000000 -- 0.000000

	88: 0.000000 (1)
		88: 0.000000 -- 0.000000  (1)
	--> std: 0.000000 -- 0.000000

	89: 0.000000 (1)
		89: 0.000000 -- 0.000000  (1)
	--> std: 0.000000 -- 0.000000

	90: 0.000000 (1)
		90: 0.000000 -- 0.000000  (1)
	--> std: 0.000000 -- 0.000000

	91: 0.000000 (1)
		91: 0.000000 -- 0.000000  (1)
	--> std: 0.000000 -- 0.000000

	92: 0.000000 (1)
		92: 0.000000 -- 0.000000  (1)
	--> std: 0.000000 -- 0.000000

	93: 0.000000 (1)
		93: 0.000000 -- 0.000000  (1)
	--> std: 0.000000 -- 0.000000

	94: 0.000000 (1)
		94: 0.000000 -- 0.000000  (1)
	--> std: 0.000000 -- 0.000000

	95: 0.000000 (1)
		95: 0.000000 -- 0.000000  (1)
	--> std: 0.000000 -- 0.000000

	96: 0.000000 (1)
		96: 0.000000 -- 0.000000  (1)
	--> std: 0.000000 -- 0.000000

	97: 0.000000 (1)
		97: 0.000000 -- 0.000000  (1)
	--> std: 0.000000 -- 0.000000

	98: 0.000000 (1)
		98: 0.000000 -- 0.000000  (1)
	--> std: 0.000000 -- 0.000000

	99: 0.000000 (1)
		99: 0.000000 -- 0.000000  (1)
	--> std: 0.000000 -- 0.000000

	100: 0.000000 (1)
		100: 0.000000 -- 0.000000  (1)
	--> std: 0.000000 -- 0.000000

	101: 0.000000 (1)
		101: 0.000000 -- 0.000000  (1)
	--> std: 0.000000 -- 0.000000

	102: 0.000000 (1)
		102: 0.000000 -- 0.000000  (1)
	--> std: 0.000000 -- 0.000000

	103: 0.000000 (1)
		103: 0.000000 -- 0.000000  (1)
	--> std: 0.000000 -- 0.000000

	104: 0.000000 (1)
		104: 0.000000 -- 0.000000  (1)
	--> std: 0.000000 -- 0.000000

	105: 0.000000 (1)
		105: 0.000000 -- 0.000000  (1)
	--> std: 0.000000 -- 0.000000

	106: 0.000000 (1)
		106: 0.000000 -- 0.000000  (1)
	--> std: 0.000000 -- 0.000000

	107: 0.000000 (1)
		107: 0.000000 -- 0.000000  (1)
	--> std: 0.000000 -- 0.000000

	108: 0.000000 (1)
		108: 0.000000 -- 0.000000  (1)
	--> std: 0.000000 -- 0.000000

	109: 0.000000 (1)
		109: 0.000000 -- 0.000000  (1)
	--> std: 0.000000 -- 0.000000

	110: 0.000000 (1)
		110: 0.000000 -- 0.000000  (1)
	--> std: 0.000000 -- 0.000000

	111: 0.000000 (1)
		111: 0.000000 -- 0.000000  (1)
	--> std: 0.000000 -- 0.000000

	112: 0.000000 (1)
		112: 0.000000 -- 0.000000  (1)
	--> std: 0.000000 -- 0.000000

	113: 0.000000 (1)
		113: 0.000000 -- 0.000000  (1)
	--> std: 0.000000 -- 0.000000

	114: 0.000000 (1)
		114: 0.000000 -- 0.000000  (1)
	--> std: 0.000000 -- 0.000000

	115: 0.000000 (1)
		115: 0.000000 -- 0.000000  (1)
	--> std: 0.000000 -- 0.000000

	116: 0.000000 (1)
		116: 0.000000 -- 0.000000  (1)
	--> std: 0.000000 -- 0.000000

	117: 0.000000 (1)
		117: 0.000000 -- 0.000000  (1)
	--> std: 0.000000 -- 0.000000

	118: 0.000000 (1)
		118: 0.000000 -- 0.000000  (1)
	--> std: 0.000000 -- 0.000000

	119: 0.000000 (1)
		119: 0.000000 -- 0.000000  (1)
	--> std: 0.000000 -- 0.000000

	120: 0.000000 (1)
		120: 0.000000 -- 0.000000  (1)
	--> std: 0.000000 -- 0.000000

	121: 0.000000 (1)
		121: 0.000000 -- 0.000000  (1)
	--> std: 0.000000 -- 0.000000

	122: 0.000000 (1)
		122: 0.000000 -- 0.000000  (1)
	--> std: 0.000000 -- 0.000000

	123: 0.000000 (1)
		123: 0.000000 -- 0.000000  (1)
	--> std: 0.000000 -- 0.000000

	124: 0.000000 (1)
		124: 0.000000 -- 0.000000  (1)
	--> std: 0.000000 -- 0.000000

	125: 0.000000 (1)
		125: 0.000000 -- 0.000000  (1)
	--> std: 0.000000 -- 0.000000

	126: 0.000000 (1)
		126: 0.000000 -- 0.000000  (1)
	--> std: 0.000000 -- 0.000000

	127: 0.000000 (1)
		127: 0.000000 -- 0.000000  (1)
	--> std: 0.000000 -- 0.000000

	128: 0.000000 (1)
		128: 0.000000 -- 0.000000  (1)
	--> std: 0.000000 -- 0.000000

	129: 0.000000 (1)
		129: 0.000000 -- 0.000000  (1)
	--> std: 0.000000 -- 0.000000

	130: 0.000000 (1)
		130: 0.000000 -- 0.000000  (1)
	--> std: 0.000000 -- 0.000000

	131: 0.000000 (1)
		131: 0.000000 -- 0.000000  (1)
	--> std: 0.000000 -- 0.000000

	132: 0.000000 (1)
		132: 0.000000 -- 0.000000  (1)
	--> std: 0.000000 -- 0.000000

	133: 0.000000 (1)
		133: 0.000000 -- 0.000000  (1)
	--> std: 0.000000 -- 0.000000

	134: 0.000000 (1)
		134: 0.000000 -- 0.000000  (1)
	--> std: 0.000000 -- 0.000000

	135: 0.000000 (1)
		135: 0.000000 -- 0.000000  (1)
	--> std: 0.000000 -- 0.000000

	136: 0.000000 (1)
		136: 0.000000 -- 0.000000  (1)
	--> std: 0.000000 -- 0.000000

	137: 0.000000 (1)
		137: 0.000000 -- 0.000000  (1)
	--> std: 0.000000 -- 0.000000

	138: 0.000000 (1)
		138: 0.000000 -- 0.000000  (1)
	--> std: 0.000000 -- 0.000000

	139: 0.000000 (1)
		139: 0.000000 -- 0.000000  (1)
	--> std: 0.000000 -- 0.000000

	140: 0.000000 (1)
		140: 0.000000 -- 0.000000  (1)
	--> std: 0.000000 -- 0.000000

	141: 0.000000 (1)
		141: 0.000000 -- 0.000000  (1)
	--> std: 0.000000 -- 0.000000

	142: 0.000000 (1)
		142: 0.000000 -- 0.000000  (1)
	--> std: 0.000000 -- 0.000000

	143: 0.000000 (1)
		143: 0.000000 -- 0.000000  (1)
	--> std: 0.000000 -- 0.000000

	144: 0.000000 (1)
		144: 0.000000 -- 0.000000  (1)
	--> std: 0.000000 -- 0.000000

	145: 0.000000 (1)
		145: 0.000000 -- 0.000000  (1)
	--> std: 0.000000 -- 0.000000

	146: 0.000000 (1)
		146: 0.000000 -- 0.000000  (1)
	--> std: 0.000000 -- 0.000000

	147: 0.000000 (1)
		147: 0.000000 -- 0.000000  (1)
	--> std: 0.000000 -- 0.000000

	148: 0.000000 (1)
		148: 0.000000 -- 0.000000  (1)
	--> std: 0.000000 -- 0.000000

	149: 0.000000 (1)
		149: 0.000000 -- 0.000000  (1)
	--> std: 0.000000 -- 0.000000

	150: 0.000000 (1)
		150: 0.000000 -- 0.000000  (1)
	--> std: 0.000000 -- 0.000000

	151: 0.000000 (1)
		151: 0.000000 -- 0.000000  (1)
	--> std: 0.000000 -- 0.000000

	152: 0.000000 (1)
		152: 0.000000 -- 0.000000  (1)
	--> std: 0.000000 -- 0.000000

	153: 0.000000 (1)
		153: 0.000000 -- 0.000000  (1)
	--> std: 0.000000 -- 0.000000

	154: 0.000000 (1)
		154: 0.000000 -- 0.000000  (1)
	--> std: 0.000000 -- 0.000000

	155: 0.000000 (1)
		155: 0.000000 -- 0.000000  (1)
	--> std: 0.000000 -- 0.000000

	156: 0.000000 (1)
		156: 0.000000 -- 0.000000  (1)
	--> std: 0.000000 -- 0.000000

	157: 0.000000 (1)
		157: 0.000000 -- 0.000000  (1)
	--> std: 0.000000 -- 0.000000

	158: 0.000000 (1)
		158: 0.000000 -- 0.000000  (1)
	--> std: 0.000000 -- 0.000000

	159: 0.000000 (1)
		159: 0.000000 -- 0.000000  (1)
	--> std: 0.000000 -- 0.000000

	160: 0.000000 (1)
		160: 0.000000 -- 0.000000  (1)
	--> std: 0.000000 -- 0.000000

	161: 0.000000 (1)
		161: 0.000000 -- 0.000000  (1)
	--> std: 0.000000 -- 0.000000

	162: 0.000000 (1)
		162: 0.000000 -- 0.000000  (1)
	--> std: 0.000000 -- 0.000000

	163: 0.000000 (1)
		163: 0.000000 -- 0.000000  (1)
	--> std: 0.000000 -- 0.000000

	164: 0.000000 (1)
		164: 0.000000 -- 0.000000  (1)
	--> std: 0.000000 -- 0.000000

	165: 0.000000 (1)
		165: 0.000000 -- 0.000000  (1)
	--> std: 0.000000 -- 0.000000

	166: 0.000000 (1)
		166: 0.000000 -- 0.000000  (1)
	--> std: 0.000000 -- 0.000000

	167: 0.000000 (1)
		167: 0.000000 -- 0.000000  (1)
	--> std: 0.000000 -- 0.000000

	168: 0.000000 (1)
		168: 0.000000 -- 0.000000  (1)
	--> std: 0.000000 -- 0.000000

	169: 0.000000 (1)
		169: 0.000000 -- 0.000000  (1)
	--> std: 0.000000 -- 0.000000

	170: 0.000000 (1)
		170: 0.000000 -- 0.000000  (1)
	--> std: 0.000000 -- 0.000000

	171: 0.000000 (1)
		171: 0.000000 -- 0.000000  (1)
	--> std: 0.000000 -- 0.000000

	172: 0.000000 (1)
		172: 0.000000 -- 0.000000  (1)
	--> std: 0.000000 -- 0.000000

	173: 0.000000 (1)
		173: 0.000000 -- 0.000000  (1)
	--> std: 0.000000 -- 0.000000

	174: 0.000000 (1)
		174: 0.000000 -- 0.000000  (1)
	--> std: 0.000000 -- 0.000000

	175: 0.000000 (1)
		175: 0.000000 -- 0.000000  (1)
	--> std: 0.000000 -- 0.000000

	176: 0.000000 (1)
		176: 0.000000 -- 0.000000  (1)
	--> std: 0.000000 -- 0.000000

	177: 0.000000 (1)
		177: 0.000000 -- 0.000000  (1)
	--> std: 0.000000 -- 0.000000

	178: 0.000000 (1)
		178: 0.000000 -- 0.000000  (1)
	--> std: 0.000000 -- 0.000000

	179: 0.000000 (1)
		179: 0.000000 -- 0.000000  (1)
	--> std: 0.000000 -- 0.000000

	180: 0.000000 (1)
		180: 0.000000 -- 0.000000  (1)
	--> std: 0.000000 -- 0.000000

	181: 0.000000 (1)
		181: 0.000000 -- 0.000000  (1)
	--> std: 0.000000 -- 0.000000

	182: 0.000000 (1)
		182: 0.000000 -- 0.000000  (1)
	--> std: 0.000000 -- 0.000000

	183: 0.000000 (1)
		183: 0.000000 -- 0.000000  (1)
	--> std: 0.000000 -- 0.000000

	184: 0.000000 (1)
		184: 0.000000 -- 0.000000  (1)
	--> std: 0.000000 -- 0.000000

	185: 0.000000 (1)
		185: 0.000000 -- 0.000000  (1)
	--> std: 0.000000 -- 0.000000

	186: 0.000000 (1)
		186: 0.000000 -- 0.000000  (1)
	--> std: 0.000000 -- 0.000000

	187: 0.000000 (1)
		187: 0.000000 -- 0.000000  (1)
	--> std: 0.000000 -- 0.000000

	188: 0.000000 (1)
		188: 0.000000 -- 0.000000  (1)
	--> std: 0.000000 -- 0.000000

	189: 0.000000 (1)
		189: 0.000000 -- 0.000000  (1)
	--> std: 0.000000 -- 0.000000

	190: 0.000000 (1)
		190: 0.000000 -- 0.000000  (1)
	--> std: 0.000000 -- 0.000000

	191: 0.000000 (1)
		191: 0.000000 -- 0.000000  (1)
	--> std: 0.000000 -- 0.000000

	192: 0.000000 (1)
		192: 0.000000 -- 0.000000  (1)
	--> std: 0.000000 -- 0.000000

	193: 0.000000 (1)
		193: 0.000000 -- 0.000000  (1)
	--> std: 0.000000 -- 0.000000

	194: 0.000000 (1)
		194: 0.000000 -- 0.000000  (1)
	--> std: 0.000000 -- 0.000000

	195: 0.000000 (1)
		195: 0.000000 -- 0.000000  (1)
	--> std: 0.000000 -- 0.000000

	196: 0.000000 (1)
		196: 0.000000 -- 0.000000  (1)
	--> std: 0.000000 -- 0.000000

	197: 0.000000 (1)
		197: 0.000000 -- 0.000000  (1)
	--> std: 0.000000 -- 0.000000

	198: 0.000000 (1)
		198: 0.000000 -- 0.000000  (1)
	--> std: 0.000000 -- 0.000000

	199: 0.000000 (1)
		199: 0.000000 -- 0.000000  (1)
	--> std: 0.000000 -- 0.000000

	200: 0.000000 (1)
		200: 0.000000 -- 0.000000  (1)
	--> std: 0.000000 -- 0.000000

	201: 0.000000 (1)
		201: 0.000000 -- 0.000000  (1)
	--> std: 0.000000 -- 0.000000

	202: 0.000000 (1)
		202: 0.000000 -- 0.000000  (1)
	--> std: 0.000000 -- 0.000000

	203: 0.000000 (1)
		203: 0.000000 -- 0.000000  (1)
	--> std: 0.000000 -- 0.000000

	204: 0.000000 (1)
		204: 0.000000 -- 0.000000  (1)
	--> std: 0.000000 -- 0.000000

	205: 0.000000 (1)
		205: 0.000000 -- 0.000000  (1)
	--> std: 0.000000 -- 0.000000

	206: 0.000000 (1)
		206: 0.000000 -- 0.000000  (1)
	--> std: 0.000000 -- 0.000000

	207: 0.000000 (1)
		207: 0.000000 -- 0.000000  (1)
	--> std: 0.000000 -- 0.000000

	208: 0.000000 (1)
		208: 0.000000 -- 0.000000  (1)
	--> std: 0.000000 -- 0.000000

	209: 0.000000 (1)
		209: 0.000000 -- 0.000000  (1)
	--> std: 0.000000 -- 0.000000

	210: 0.000000 (1)
		210: 0.000000 -- 0.000000  (1)
	--> std: 0.000000 -- 0.000000

	211: 0.000000 (1)
		211: 0.000000 -- 0.000000  (1)
	--> std: 0.000000 -- 0.000000

	212: 0.000000 (1)
		212: 0.000000 -- 0.000000  (1)
	--> std: 0.000000 -- 0.000000

	213: 0.000000 (1)
		213: 0.000000 -- 0.000000  (1)
	--> std: 0.000000 -- 0.000000

	214: 0.000000 (1)
		214: 0.000000 -- 0.000000  (1)
	--> std: 0.000000 -- 0.000000

	215: 0.000000 (1)
		215: 0.000000 -- 0.000000  (1)
	--> std: 0.000000 -- 0.000000

	216: 0.000000 (1)
		216: 0.000000 -- 0.000000  (1)
	--> std: 0.000000 -- 0.000000

	217: 0.000000 (1)
		217: 0.000000 -- 0.000000  (1)
	--> std: 0.000000 -- 0.000000

	218: 0.000000 (1)
		218: 0.000000 -- 0.000000  (1)
	--> std: 0.000000 -- 0.000000

	219: 0.000000 (1)
		219: 0.000000 -- 0.000000  (1)
	--> std: 0.000000 -- 0.000000

	220: 0.000000 (1)
		220: 0.000000 -- 0.000000  (1)
	--> std: 0.000000 -- 0.000000

	221: 0.000000 (1)
		221: 0.000000 -- 0.000000  (1)
	--> std: 0.000000 -- 0.000000

	222: 0.000000 (1)
		222: 0.000000 -- 0.000000  (1)
	--> std: 0.000000 -- 0.000000

	223: 0.000000 (1)
		223: 0.000000 -- 0.000000  (1)
	--> std: 0.000000 -- 0.000000

	224: 0.000000 (1)
		224: 0.000000 -- 0.000000  (1)
	--> std: 0.000000 -- 0.000000

	225: 0.000000 (1)
		225: 0.000000 -- 0.000000  (1)
	--> std: 0.000000 -- 0.000000

	226: 0.000000 (1)
		226: 0.000000 -- 0.000000  (1)
	--> std: 0.000000 -- 0.000000

	227: 0.000000 (1)
		227: 0.000000 -- 0.000000  (1)
	--> std: 0.000000 -- 0.000000

	228: 0.000000 (1)
		228: 0.000000 -- 0.000000  (1)
	--> std: 0.000000 -- 0.000000

	229: 0.000000 (1)
		229: 0.000000 -- 0.000000  (1)
	--> std: 0.000000 -- 0.000000

	230: 0.000000 (1)
		230: 0.000000 -- 0.000000  (1)
	--> std: 0.000000 -- 0.000000

	231: 0.000000 (1)
		231: 0.000000 -- 0.000000  (1)
	--> std: 0.000000 -- 0.000000

	232: 0.000000 (1)
		232: 0.000000 -- 0.000000  (1)
	--> std: 0.000000 -- 0.000000

	233: 0.000000 (1)
		233: 0.000000 -- 0.000000  (1)
	--> std: 0.000000 -- 0.000000

	234: 0.000000 (1)
		234: 0.000000 -- 0.000000  (1)
	--> std: 0.000000 -- 0.000000

	235: 0.000000 (1)
		235: 0.000000 -- 0.000000  (1)
	--> std: 0.000000 -- 0.000000

	236: 0.000000 (1)
		236: 0.000000 -- 0.000000  (1)
	--> std: 0.000000 -- 0.000000

	237: 0.000000 (1)
		237: 0.000000 -- 0.000000  (1)
	--> std: 0.000000 -- 0.000000

	238: 0.000000 (1)
		238: 0.000000 -- 0.000000  (1)
	--> std: 0.000000 -- 0.000000

	239: 0.000000 (1)
		239: 0.000000 -- 0.000000  (1)
	--> std: 0.000000 -- 0.000000

	240: 0.000000 (1)
		240: 0.000000 -- 0.000000  (1)
	--> std: 0.000000 -- 0.000000

	241: 0.000000 (1)
		241: 0.000000 -- 0.000000  (1)
	--> std: 0.000000 -- 0.000000

	242: 0.000000 (1)
		242: 0.000000 -- 0.000000  (1)
	--> std: 0.000000 -- 0.000000

	243: 0.000000 (1)
		243: 0.000000 -- 0.000000  (1)
	--> std: 0.000000 -- 0.000000

	244: 0.000000 (1)
		244: 0.000000 -- 0.000000  (1)
	--> std: 0.000000 -- 0.000000

	245: 0.000000 (1)
		245: 0.000000 -- 0.000000  (1)
	--> std: 0.000000 -- 0.000000

	246: 0.000000 (1)
		246: 0.000000 -- 0.000000  (1)
	--> std: 0.000000 -- 0.000000

	247: 0.000000 (1)
		247: 0.000000 -- 0.000000  (1)
	--> std: 0.000000 -- 0.000000

	248: 0.000000 (1)
		248: 0.000000 -- 0.000000  (1)
	--> std: 0.000000 -- 0.000000

	249: 0.000000 (1)
		249: 0.000000 -- 0.000000  (1)
	--> std: 0.000000 -- 0.000000

	250: 0.000000 (1)
		250: 0.000000 -- 0.000000  (1)
	--> std: 0.000000 -- 0.000000

	251: 0.000000 (1)
		251: 0.000000 -- 0.000000  (1)
	--> std: 0.000000 -- 0.000000

	252: 0.000000 (1)
		252: 0.000000 -- 0.000000  (1)
	--> std: 0.000000 -- 0.000000

	253: 0.000000 (1)
		253: 0.000000 -- 0.000000  (1)
	--> std: 0.000000 -- 0.000000

	254: 0.000000 (1)
		254: 0.000000 -- 0.000000  (1)
	--> std: 0.000000 -- 0.000000

	255: 0.000000 (1)
		255: 0.000000 -- 0.000000  (1)
	--> std: 0.000000 -- 0.000000

	256: 0.000000 (1)
		256: 0.000000 -- 0.000000  (1)
	--> std: 0.000000 -- 0.000000

	257: 0.000000 (1)
		257: 0.000000 -- 0.000000  (1)
	--> std: 0.000000 -- 0.000000

	258: 0.000000 (1)
		258: 0.000000 -- 0.000000  (1)
	--> std: 0.000000 -- 0.000000

	259: 0.000000 (1)
		259: 0.000000 -- 0.000000  (1)
	--> std: 0.000000 -- 0.000000

	260: 0.000000 (1)
		260: 0.000000 -- 0.000000  (1)
	--> std: 0.000000 -- 0.000000

	261: 0.000000 (1)
		261: 0.000000 -- 0.000000  (1)
	--> std: 0.000000 -- 0.000000

	262: 0.000000 (1)
		262: 0.000000 -- 0.000000  (1)
	--> std: 0.000000 -- 0.000000

	263: 0.000000 (1)
		263: 0.000000 -- 0.000000  (1)
	--> std: 0.000000 -- 0.000000

	264: 0.000000 (1)
		264: 0.000000 -- 0.000000  (1)
	--> std: 0.000000 -- 0.000000

	265: 0.000000 (1)
		265: 0.000000 -- 0.000000  (1)
	--> std: 0.000000 -- 0.000000

	266: 0.000000 (1)
		266: 0.000000 -- 0.000000  (1)
	--> std: 0.000000 -- 0.000000

	267: 0.000000 (1)
		267: 0.000000 -- 0.000000  (1)
	--> std: 0.000000 -- 0.000000

	268: 0.000000 (1)
		268: 0.000000 -- 0.000000  (1)
	--> std: 0.000000 -- 0.000000

	269: 0.000000 (1)
		269: 0.000000 -- 0.000000  (1)
	--> std: 0.000000 -- 0.000000

	270: 0.000000 (1)
		270: 0.000000 -- 0.000000  (1)
	--> std: 0.000000 -- 0.000000

	271: 0.000000 (1)
		271: 0.000000 -- 0.000000  (1)
	--> std: 0.000000 -- 0.000000

	272: 0.000000 (1)
		272: 0.000000 -- 0.000000  (1)
	--> std: 0.000000 -- 0.000000

	273: 0.000000 (1)
		273: 0.000000 -- 0.000000  (1)
	--> std: 0.000000 -- 0.000000

	274: 0.000000 (1)
		274: 0.000000 -- 0.000000  (1)
	--> std: 0.000000 -- 0.000000

	275: 0.000000 (1)
		275: 0.000000 -- 0.000000  (1)
	--> std: 0.000000 -- 0.000000

	276: 0.000000 (1)
		276: 0.000000 -- 0.000000  (1)
	--> std: 0.000000 -- 0.000000

	277: 0.000000 (1)
		277: 0.000000 -- 0.000000  (1)
	--> std: 0.000000 -- 0.000000

	278: 0.000000 (1)
		278: 0.000000 -- 0.000000  (1)
	--> std: 0.000000 -- 0.000000

	279: 0.000000 (1)
		279: 0.000000 -- 0.000000  (1)
	--> std: 0.000000 -- 0.000000

	280: 0.000000 (1)
		280: 0.000000 -- 0.000000  (1)
	--> std: 0.000000 -- 0.000000

	281: 0.000000 (1)
		281: 0.000000 -- 0.000000  (1)
	--> std: 0.000000 -- 0.000000

	282: 0.000000 (1)
		282: 0.000000 -- 0.000000  (1)
	--> std: 0.000000 -- 0.000000

	283: 0.000000 (1)
		283: 0.000000 -- 0.000000  (1)
	--> std: 0.000000 -- 0.000000

	284: 0.000000 (1)
		284: 0.000000 -- 0.000000  (1)
	--> std: 0.000000 -- 0.000000

	285: 0.000000 (1)
		285: 0.000000 -- 0.000000  (1)
	--> std: 0.000000 -- 0.000000

	286: 0.000000 (1)
		286: 0.000000 -- 0.000000  (1)
	--> std: 0.000000 -- 0.000000

	287: 0.000000 (1)
		287: 0.000000 -- 0.000000  (1)
	--> std: 0.000000 -- 0.000000

	288: 0.000000 (1)
		288: 0.000000 -- 0.000000  (1)
	--> std: 0.000000 -- 0.000000

	289: 0.000000 (1)
		289: 0.000000 -- 0.000000  (1)
	--> std: 0.000000 -- 0.000000

	290: 0.000000 (1)
		290: 0.000000 -- 0.000000  (1)
	--> std: 0.000000 -- 0.000000

	291: 0.000000 (1)
		291: 0.000000 -- 0.000000  (1)
	--> std: 0.000000 -- 0.000000

	292: 0.000000 (1)
		292: 0.000000 -- 0.000000  (1)
	--> std: 0.000000 -- 0.000000

	293: 0.000000 (1)
		293: 0.000000 -- 0.000000  (1)
	--> std: 0.000000 -- 0.000000

	294: 0.000000 (1)
		294: 0.000000 -- 0.000000  (1)
	--> std: 0.000000 -- 0.000000

	295: 0.000000 (1)
		295: 0.000000 -- 0.000000  (1)
	--> std: 0.000000 -- 0.000000

	296: 0.000000 (1)
		296: 0.000000 -- 0.000000  (1)
	--> std: 0.000000 -- 0.000000

	297: 0.000000 (1)
		297: 0.000000 -- 0.000000  (1)
	--> std: 0.000000 -- 0.000000

	298: 0.000000 (1)
		298: 0.000000 -- 0.000000  (1)
	--> std: 0.000000 -- 0.000000

	299: 0.000000 (1)
		299: 0.000000 -- 0.000000  (1)
	--> std: 0.000000 -- 0.000000

	300: 0.000000 (1)
		300: 0.000000 -- 0.000000  (1)
	--> std: 0.000000 -- 0.000000

	301: 0.000000 (1)
		301: 0.000000 -- 0.000000  (1)
	--> std: 0.000000 -- 0.000000

	302: 0.000000 (1)
		302: 0.000000 -- 0.000000  (1)
	--> std: 0.000000 -- 0.000000

	303: 0.000000 (1)
		303: 0.000000 -- 0.000000  (1)
	--> std: 0.000000 -- 0.000000

	304: 0.000000 (1)
		304: 0.000000 -- 0.000000  (1)
	--> std: 0.000000 -- 0.000000

	305: 0.000000 (1)
		305: 0.000000 -- 0.000000  (1)
	--> std: 0.000000 -- 0.000000

	306: 0.000000 (1)
		306: 0.000000 -- 0.000000  (1)
	--> std: 0.000000 -- 0.000000

	307: 0.000000 (1)
		307: 0.000000 -- 0.000000  (1)
	--> std: 0.000000 -- 0.000000

	308: 0.000000 (1)
		308: 0.000000 -- 0.000000  (1)
	--> std: 0.000000 -- 0.000000

	309: 0.000000 (1)
		309: 0.000000 -- 0.000000  (1)
	--> std: 0.000000 -- 0.000000

	310: 0.000000 (1)
		310: 0.000000 -- 0.000000  (1)
	--> std: 0.000000 -- 0.000000

	311: 0.000000 (1)
		311: 0.000000 -- 0.000000  (1)
	--> std: 0.000000 -- 0.000000

	312: 0.000000 (1)
		312: 0.000000 -- 0.000000  (1)
	--> std: 0.000000 -- 0.000000

	313: 0.000000 (1)
		313: 0.000000 -- 0.000000  (1)
	--> std: 0.000000 -- 0.000000

	314: 0.000000 (1)
		314: 0.000000 -- 0.000000  (1)
	--> std: 0.000000 -- 0.000000

	315: 0.000000 (1)
		315: 0.000000 -- 0.000000  (1)
	--> std: 0.000000 -- 0.000000

	316: 0.000000 (1)
		316: 0.000000 -- 0.000000  (1)
	--> std: 0.000000 -- 0.000000

	317: 0.000000 (1)
		317: 0.000000 -- 0.000000  (1)
	--> std: 0.000000 -- 0.000000

	318: 0.000000 (1)
		318: 0.000000 -- 0.000000  (1)
	--> std: 0.000000 -- 0.000000

	319: 0.000000 (1)
		319: 0.000000 -- 0.000000  (1)
	--> std: 0.000000 -- 0.000000

	320: 0.000000 (1)
		320: 0.000000 -- 0.000000  (1)
	--> std: 0.000000 -- 0.000000

	321: 0.000000 (1)
		321: 0.000000 -- 0.000000  (1)
	--> std: 0.000000 -- 0.000000

	322: 0.000000 (1)
		322: 0.000000 -- 0.000000  (1)
	--> std: 0.000000 -- 0.000000

	323: 0.000000 (1)
		323: 0.000000 -- 0.000000  (1)
	--> std: 0.000000 -- 0.000000

	324: 0.000000 (1)
		324: 0.000000 -- 0.000000  (1)
	--> std: 0.000000 -- 0.000000

	325: 0.000000 (1)
		325: 0.000000 -- 0.000000  (1)
	--> std: 0.000000 -- 0.000000

	326: 0.000000 (1)
		326: 0.000000 -- 0.000000  (1)
	--> std: 0.000000 -- 0.000000

	327: 0.000000 (1)
		327: 0.000000 -- 0.000000  (1)
	--> std: 0.000000 -- 0.000000

	328: 0.000000 (1)
		328: 0.000000 -- 0.000000  (1)
	--> std: 0.000000 -- 0.000000

	329: 0.000000 (1)
		329: 0.000000 -- 0.000000  (1)
	--> std: 0.000000 -- 0.000000

	330: 0.000000 (1)
		330: 0.000000 -- 0.000000  (1)
	--> std: 0.000000 -- 0.000000

	331: 0.000000 (1)
		331: 0.000000 -- 0.000000  (1)
	--> std: 0.000000 -- 0.000000

	332: 0.000000 (1)
		332: 0.000000 -- 0.000000  (1)
	--> std: 0.000000 -- 0.000000

	333: 0.000000 (1)
		333: 0.000000 -- 0.000000  (1)
	--> std: 0.000000 -- 0.000000

	334: 0.000000 (1)
		334: 0.000000 -- 0.000000  (1)
	--> std: 0.000000 -- 0.000000

	335: 0.000000 (1)
		335: 0.000000 -- 0.000000  (1)
	--> std: 0.000000 -- 0.000000

	336: 0.000000 (1)
		336: 0.000000 -- 0.000000  (1)
	--> std: 0.000000 -- 0.000000

	337: 0.000000 (1)
		337: 0.000000 -- 0.000000  (1)
	--> std: 0.000000 -- 0.000000

	338: 0.000000 (1)
		338: 0.000000 -- 0.000000  (1)
	--> std: 0.000000 -- 0.000000

	339: 0.000000 (1)
		339: 0.000000 -- 0.000000  (1)
	--> std: 0.000000 -- 0.000000

	340: 0.000000 (1)
		340: 0.000000 -- 0.000000  (1)
	--> std: 0.000000 -- 0.000000

	341: 0.000000 (1)
		341: 0.000000 -- 0.000000  (1)
	--> std: 0.000000 -- 0.000000

	342: 0.000000 (1)
		342: 0.000000 -- 0.000000  (1)
	--> std: 0.000000 -- 0.000000

	343: 0.000000 (1)
		343: 0.000000 -- 0.000000  (1)
	--> std: 0.000000 -- 0.000000

	344: 0.000000 (1)
		344: 0.000000 -- 0.000000  (1)
	--> std: 0.000000 -- 0.000000

	345: 0.000000 (1)
		345: 0.000000 -- 0.000000  (1)
	--> std: 0.000000 -- 0.000000

	346: 0.000000 (1)
		346: 0.000000 -- 0.000000  (1)
	--> std: 0.000000 -- 0.000000

	347: 0.000000 (1)
		347: 0.000000 -- 0.000000  (1)
	--> std: 0.000000 -- 0.000000

	348: 0.000000 (1)
		348: 0.000000 -- 0.000000  (1)
	--> std: 0.000000 -- 0.000000

	349: 0.000000 (1)
		349: 0.000000 -- 0.000000  (1)
	--> std: 0.000000 -- 0.000000

	350: 0.000000 (1)
		350: 0.000000 -- 0.000000  (1)
	--> std: 0.000000 -- 0.000000

	351: 0.000000 (1)
		351: 0.000000 -- 0.000000  (1)
	--> std: 0.000000 -- 0.000000

	352: 0.000000 (1)
		352: 0.000000 -- 0.000000  (1)
	--> std: 0.000000 -- 0.000000

	353: 0.000000 (1)
		353: 0.000000 -- 0.000000  (1)
	--> std: 0.000000 -- 0.000000

	354: 0.000000 (1)
		354: 0.000000 -- 0.000000  (1)
	--> std: 0.000000 -- 0.000000

	355: 0.000000 (1)
		355: 0.000000 -- 0.000000  (1)
	--> std: 0.000000 -- 0.000000

	356: 0.000000 (1)
		356: 0.000000 -- 0.000000  (1)
	--> std: 0.000000 -- 0.000000

	357: 0.000000 (1)
		357: 0.000000 -- 0.000000  (1)
	--> std: 0.000000 -- 0.000000

	358: 0.000000 (1)
		358: 0.000000 -- 0.000000  (1)
	--> std: 0.000000 -- 0.000000

	359: 0.000000 (1)
		359: 0.000000 -- 0.000000  (1)
	--> std: 0.000000 -- 0.000000

	360: 0.000000 (1)
		360: 0.000000 -- 0.000000  (1)
	--> std: 0.000000 -- 0.000000

	361: 0.000000 (1)
		361: 0.000000 -- 0.000000  (1)
	--> std: 0.000000 -- 0.000000

	362: 0.000000 (1)
		362: 0.000000 -- 0.000000  (1)
	--> std: 0.000000 -- 0.000000

	363: 0.000000 (1)
		363: 0.000000 -- 0.000000  (1)
	--> std: 0.000000 -- 0.000000

	364: 0.000000 (1)
		364: 0.000000 -- 0.000000  (1)
	--> std: 0.000000 -- 0.000000

	365: 0.000000 (1)
		365: 0.000000 -- 0.000000  (1)
	--> std: 0.000000 -- 0.000000

	366: 0.000000 (1)
		366: 0.000000 -- 0.000000  (1)
	--> std: 0.000000 -- 0.000000

	367: 0.000000 (1)
		367: 0.000000 -- 0.000000  (1)
	--> std: 0.000000 -- 0.000000

	368: 0.000000 (1)
		368: 0.000000 -- 0.000000  (1)
	--> std: 0.000000 -- 0.000000

	369: 0.000000 (1)
		369: 0.000000 -- 0.000000  (1)
	--> std: 0.000000 -- 0.000000

	370: 0.000000 (1)
		370: 0.000000 -- 0.000000  (1)
	--> std: 0.000000 -- 0.000000

	371: 0.000000 (1)
		371: 0.000000 -- 0.000000  (1)
	--> std: 0.000000 -- 0.000000

	372: 0.000000 (1)
		372: 0.000000 -- 0.000000  (1)
	--> std: 0.000000 -- 0.000000

	373: 0.000000 (1)
		373: 0.000000 -- 0.000000  (1)
	--> std: 0.000000 -- 0.000000

	374: 0.000000 (1)
		374: 0.000000 -- 0.000000  (1)
	--> std: 0.000000 -- 0.000000

	375: 0.000000 (1)
		375: 0.000000 -- 0.000000  (1)
	--> std: 0.000000 -- 0.000000

	376: 0.000000 (1)
		376: 0.000000 -- 0.000000  (1)
	--> std: 0.000000 -- 0.000000

	377: 0.000000 (1)
		377: 0.000000 -- 0.000000  (1)
	--> std: 0.000000 -- 0.000000

	378: 0.000000 (1)
		378: 0.000000 -- 0.000000  (1)
	--> std: 0.000000 -- 0.000000

	379: 0.000000 (1)
		379: 0.000000 -- 0.000000  (1)
	--> std: 0.000000 -- 0.000000

	380: 0.000000 (1)
		380: 0.000000 -- 0.000000  (1)
	--> std: 0.000000 -- 0.000000

	381: 0.000000 (1)
		381: 0.000000 -- 0.000000  (1)
	--> std: 0.000000 -- 0.000000

	382: 0.000000 (1)
		382: 0.000000 -- 0.000000  (1)
	--> std: 0.000000 -- 0.000000

	383: 0.000000 (1)
		383: 0.000000 -- 0.000000  (1)
	--> std: 0.000000 -- 0.000000

	384: 0.000000 (1)
		384: 0.000000 -- 0.000000  (1)
	--> std: 0.000000 -- 0.000000

	385: 0.000000 (1)
		385: 0.000000 -- 0.000000  (1)
	--> std: 0.000000 -- 0.000000

	386: 0.000000 (1)
		386: 0.000000 -- 0.000000  (1)
	--> std: 0.000000 -- 0.000000

	387: 0.000000 (1)
		387: 0.000000 -- 0.000000  (1)
	--> std: 0.000000 -- 0.000000

	388: 0.000000 (1)
		388: 0.000000 -- 0.000000  (1)
	--> std: 0.000000 -- 0.000000

	389: 0.000000 (1)
		389: 0.000000 -- 0.000000  (1)
	--> std: 0.000000 -- 0.000000

	390: 0.000000 (1)
		390: 0.000000 -- 0.000000  (1)
	--> std: 0.000000 -- 0.000000

	391: 0.000000 (1)
		391: 0.000000 -- 0.000000  (1)
	--> std: 0.000000 -- 0.000000

	392: 0.000000 (1)
		392: 0.000000 -- 0.000000  (1)
	--> std: 0.000000 -- 0.000000

	393: 0.000000 (1)
		393: 0.000000 -- 0.000000  (1)
	--> std: 0.000000 -- 0.000000

	394: 0.000000 (1)
		394: 0.000000 -- 0.000000  (1)
	--> std: 0.000000 -- 0.000000

	395: 0.000000 (1)
		395: 0.000000 -- 0.000000  (1)
	--> std: 0.000000 -- 0.000000

	396: 0.000000 (1)
		396: 0.000000 -- 0.000000  (1)
	--> std: 0.000000 -- 0.000000

	397: 0.000000 (1)
		397: 0.000000 -- 0.000000  (1)
	--> std: 0.000000 -- 0.000000

	398: 0.000000 (1)
		398: 0.000000 -- 0.000000  (1)
	--> std: 0.000000 -- 0.000000

	399: 0.000000 (1)
		399: 0.000000 -- 0.000000  (1)
	--> std: 0.000000 -- 0.000000

	400: 0.000000 (1)
		400: 0.000000 -- 0.000000  (1)
	--> std: 0.000000 -- 0.000000

	401: 0.000000 (1)
		401: 0.000000 -- 0.000000  (1)
	--> std: 0.000000 -- 0.000000

	402: 0.000000 (1)
		402: 0.000000 -- 0.000000  (1)
	--> std: 0.000000 -- 0.000000

	403: 0.000000 (1)
		403: 0.000000 -- 0.000000  (1)
	--> std: 0.000000 -- 0.000000

	404: 0.000000 (1)
		404: 0.000000 -- 0.000000  (1)
	--> std: 0.000000 -- 0.000000

	405: 0.000000 (1)
		405: 0.000000 -- 0.000000  (1)
	--> std: 0.000000 -- 0.000000

	406: 0.000000 (1)
		406: 0.000000 -- 0.000000  (1)
	--> std: 0.000000 -- 0.000000

	407: 0.000000 (1)
		407: 0.000000 -- 0.000000  (1)
	--> std: 0.000000 -- 0.000000

	408: 0.000000 (1)
		408: 0.000000 -- 0.000000  (1)
	--> std: 0.000000 -- 0.000000

	409: 0.000000 (1)
		409: 0.000000 -- 0.000000  (1)
	--> std: 0.000000 -- 0.000000

	410: 0.000000 (1)
		410: 0.000000 -- 0.000000  (1)
	--> std: 0.000000 -- 0.000000

	411: 0.000000 (1)
		411: 0.000000 -- 0.000000  (1)
	--> std: 0.000000 -- 0.000000

	412: 0.000000 (1)
		412: 0.000000 -- 0.000000  (1)
	--> std: 0.000000 -- 0.000000

	413: 0.000000 (1)
		413: 0.000000 -- 0.000000  (1)
	--> std: 0.000000 -- 0.000000

	414: 0.000000 (1)
		414: 0.000000 -- 0.000000  (1)
	--> std: 0.000000 -- 0.000000

	415: 0.000000 (1)
		415: 0.000000 -- 0.000000  (1)
	--> std: 0.000000 -- 0.000000

	416: 0.000000 (1)
		416: 0.000000 -- 0.000000  (1)
	--> std: 0.000000 -- 0.000000

	417: 0.000000 (1)
		417: 0.000000 -- 0.000000  (1)
	--> std: 0.000000 -- 0.000000

	418: 0.000000 (1)
		418: 0.000000 -- 0.000000  (1)
	--> std: 0.000000 -- 0.000000

	419: 0.000000 (1)
		419: 0.000000 -- 0.000000  (1)
	--> std: 0.000000 -- 0.000000

	420: 0.000000 (1)
		420: 0.000000 -- 0.000000  (1)
	--> std: 0.000000 -- 0.000000

	421: 0.000000 (1)
		421: 0.000000 -- 0.000000  (1)
	--> std: 0.000000 -- 0.000000

	422: 0.000000 (1)
		422: 0.000000 -- 0.000000  (1)
	--> std: 0.000000 -- 0.000000

	423: 0.000000 (1)
		423: 0.000000 -- 0.000000  (1)
	--> std: 0.000000 -- 0.000000

	424: 0.000000 (1)
		424: 0.000000 -- 0.000000  (1)
	--> std: 0.000000 -- 0.000000

	425: 0.000000 (1)
		425: 0.000000 -- 0.000000  (1)
	--> std: 0.000000 -- 0.000000

	426: 0.000000 (1)
		426: 0.000000 -- 0.000000  (1)
	--> std: 0.000000 -- 0.000000

	427: 0.000000 (1)
		427: 0.000000 -- 0.000000  (1)
	--> std: 0.000000 -- 0.000000

	428: 0.000000 (1)
		428: 0.000000 -- 0.000000  (1)
	--> std: 0.000000 -- 0.000000

	429: 0.000000 (1)
		429: 0.000000 -- 0.000000  (1)
	--> std: 0.000000 -- 0.000000

	430: 0.000000 (1)
		430: 0.000000 -- 0.000000  (1)
	--> std: 0.000000 -- 0.000000

	431: 0.000000 (1)
		431: 0.000000 -- 0.000000  (1)
	--> std: 0.000000 -- 0.000000

	432: 0.000000 (1)
		432: 0.000000 -- 0.000000  (1)
	--> std: 0.000000 -- 0.000000

	433: 0.000000 (1)
		433: 0.000000 -- 0.000000  (1)
	--> std: 0.000000 -- 0.000000

	434: 0.000000 (1)
		434: 0.000000 -- 0.000000  (1)
	--> std: 0.000000 -- 0.000000

	435: 0.000000 (1)
		435: 0.000000 -- 0.000000  (1)
	--> std: 0.000000 -- 0.000000

	436: 0.000000 (1)
		436: 0.000000 -- 0.000000  (1)
	--> std: 0.000000 -- 0.000000

	437: 0.000000 (1)
		437: 0.000000 -- 0.000000  (1)
	--> std: 0.000000 -- 0.000000

	438: 0.000000 (1)
		438: 0.000000 -- 0.000000  (1)
	--> std: 0.000000 -- 0.000000

	439: 0.000000 (1)
		439: 0.000000 -- 0.000000  (1)
	--> std: 0.000000 -- 0.000000

	440: 0.000000 (1)
		440: 0.000000 -- 0.000000  (1)
	--> std: 0.000000 -- 0.000000

	441: 0.000000 (1)
		441: 0.000000 -- 0.000000  (1)
	--> std: 0.000000 -- 0.000000

	442: 0.000000 (1)
		442: 0.000000 -- 0.000000  (1)
	--> std: 0.000000 -- 0.000000

	443: 0.000000 (1)
		443: 0.000000 -- 0.000000  (1)
	--> std: 0.000000 -- 0.000000

	444: 0.000000 (1)
		444: 0.000000 -- 0.000000  (1)
	--> std: 0.000000 -- 0.000000

	445: 0.000000 (1)
		445: 0.000000 -- 0.000000  (1)
	--> std: 0.000000 -- 0.000000

	446: 0.000000 (1)
		446: 0.000000 -- 0.000000  (1)
	--> std: 0.000000 -- 0.000000

	447: 0.000000 (1)
		447: 0.000000 -- 0.000000  (1)
	--> std: 0.000000 -- 0.000000

	448: 0.000000 (1)
		448: 0.000000 -- 0.000000  (1)
	--> std: 0.000000 -- 0.000000

	449: 0.000000 (1)
		449: 0.000000 -- 0.000000  (1)
	--> std: 0.000000 -- 0.000000

	450: 0.000000 (1)
		450: 0.000000 -- 0.000000  (1)
	--> std: 0.000000 -- 0.000000

	451: 0.000000 (1)
		451: 0.000000 -- 0.000000  (1)
	--> std: 0.000000 -- 0.000000

	452: 0.000000 (1)
		452: 0.000000 -- 0.000000  (1)
	--> std: 0.000000 -- 0.000000

	453: 0.000000 (1)
		453: 0.000000 -- 0.000000  (1)
	--> std: 0.000000 -- 0.000000

	454: 0.000000 (1)
		454: 0.000000 -- 0.000000  (1)
	--> std: 0.000000 -- 0.000000

	455: 0.000000 (1)
		455: 0.000000 -- 0.000000  (1)
	--> std: 0.000000 -- 0.000000

	456: 0.000000 (1)
		456: 0.000000 -- 0.000000  (1)
	--> std: 0.000000 -- 0.000000

	457: 0.000000 (1)
		457: 0.000000 -- 0.000000  (1)
	--> std: 0.000000 -- 0.000000

	458: 0.000000 (1)
		458: 0.000000 -- 0.000000  (1)
	--> std: 0.000000 -- 0.000000

	459: 0.000000 (1)
		459: 0.000000 -- 0.000000  (1)
	--> std: 0.000000 -- 0.000000

	460: 0.000000 (1)
		460: 0.000000 -- 0.000000  (1)
	--> std: 0.000000 -- 0.000000

	461: 0.000000 (1)
		461: 0.000000 -- 0.000000  (1)
	--> std: 0.000000 -- 0.000000

	462: 0.000000 (1)
		462: 0.000000 -- 0.000000  (1)
	--> std: 0.000000 -- 0.000000

	463: 0.000000 (1)
		463: 0.000000 -- 0.000000  (1)
	--> std: 0.000000 -- 0.000000

	464: 0.000000 (1)
		464: 0.000000 -- 0.000000  (1)
	--> std: 0.000000 -- 0.000000

	465: 0.000000 (1)
		465: 0.000000 -- 0.000000  (1)
	--> std: 0.000000 -- 0.000000

	466: 0.000000 (1)
		466: 0.000000 -- 0.000000  (1)
	--> std: 0.000000 -- 0.000000

	467: 0.000000 (1)
		467: 0.000000 -- 0.000000  (1)
	--> std: 0.000000 -- 0.000000

	468: 0.000000 (1)
		468: 0.000000 -- 0.000000  (1)
	--> std: 0.000000 -- 0.000000

	469: 0.000000 (1)
		469: 0.000000 -- 0.000000  (1)
	--> std: 0.000000 -- 0.000000

	470: 0.000000 (1)
		470: 0.000000 -- 0.000000  (1)
	--> std: 0.000000 -- 0.000000

	471: 0.000000 (1)
		471: 0.000000 -- 0.000000  (1)
	--> std: 0.000000 -- 0.000000

	472: 0.000000 (1)
		472: 0.000000 -- 0.000000  (1)
	--> std: 0.000000 -- 0.000000

	473: 0.000000 (1)
		473: 0.000000 -- 0.000000  (1)
	--> std: 0.000000 -- 0.000000

	474: 0.000000 (1)
		474: 0.000000 -- 0.000000  (1)
	--> std: 0.000000 -- 0.000000

	475: 0.000000 (1)
		475: 0.000000 -- 0.000000  (1)
	--> std: 0.000000 -- 0.000000

	476: 0.000000 (1)
		476: 0.000000 -- 0.000000  (1)
	--> std: 0.000000 -- 0.000000

	477: 0.000000 (1)
		477: 0.000000 -- 0.000000  (1)
	--> std: 0.000000 -- 0.000000

	478: 0.000000 (1)
		478: 0.000000 -- 0.000000  (1)
	--> std: 0.000000 -- 0.000000

	479: 0.000000 (1)
		479: 0.000000 -- 0.000000  (1)
	--> std: 0.000000 -- 0.000000

	480: 0.000000 (1)
		480: 0.000000 -- 0.000000  (1)
	--> std: 0.000000 -- 0.000000

	481: 0.000000 (1)
		481: 0.000000 -- 0.000000  (1)
	--> std: 0.000000 -- 0.000000

	482: 0.000000 (1)
		482: 0.000000 -- 0.000000  (1)
	--> std: 0.000000 -- 0.000000

	483: 0.000000 (1)
		483: 0.000000 -- 0.000000  (1)
	--> std: 0.000000 -- 0.000000

	484: 0.000000 (1)
		484: 0.000000 -- 0.000000  (1)
	--> std: 0.000000 -- 0.000000

	485: 0.000000 (1)
		485: 0.000000 -- 0.000000  (1)
	--> std: 0.000000 -- 0.000000

	486: 0.000000 (1)
		486: 0.000000 -- 0.000000  (1)
	--> std: 0.000000 -- 0.000000

	487: 0.000000 (1)
		487: 0.000000 -- 0.000000  (1)
	--> std: 0.000000 -- 0.000000

	488: 0.000000 (1)
		488: 0.000000 -- 0.000000  (1)
	--> std: 0.000000 -- 0.000000

	489: 0.000000 (1)
		489: 0.000000 -- 0.000000  (1)
	--> std: 0.000000 -- 0.000000

	490: 0.000000 (1)
		490: 0.000000 -- 0.000000  (1)
	--> std: 0.000000 -- 0.000000

	491: 0.000000 (1)
		491: 0.000000 -- 0.000000  (1)
	--> std: 0.000000 -- 0.000000

	492: 0.000000 (1)
		492: 0.000000 -- 0.000000  (1)
	--> std: 0.000000 -- 0.000000

	493: 0.000000 (1)
		493: 0.000000 -- 0.000000  (1)
	--> std: 0.000000 -- 0.000000

	494: 0.000000 (1)
		494: 0.000000 -- 0.000000  (1)
	--> std: 0.000000 -- 0.000000

	495: 0.000000 (1)
		495: 0.000000 -- 0.000000  (1)
	--> std: 0.000000 -- 0.000000

	496: 0.000000 (1)
		496: 0.000000 -- 0.000000  (1)
	--> std: 0.000000 -- 0.000000

	497: 0.000000 (1)
		497: 0.000000 -- 0.000000  (1)
	--> std: 0.000000 -- 0.000000

	498: 0.000000 (1)
		498: 0.000000 -- 0.000000  (1)
	--> std: 0.000000 -- 0.000000

	499: 0.000000 (1)
		499: 0.000000 -- 0.000000  (1)
	--> std: 0.000000 -- 0.000000

	500: 0.000000 (1)
		500: 0.000000 -- 0.000000  (1)
	--> std: 0.000000 -- 0.000000

	501: 0.000000 (1)
		501: 0.000000 -- 0.000000  (1)
	--> std: 0.000000 -- 0.000000

	502: 0.000000 (1)
		502: 0.000000 -- 0.000000  (1)
	--> std: 0.000000 -- 0.000000

	503: 0.000000 (1)
		503: 0.000000 -- 0.000000  (1)
	--> std: 0.000000 -- 0.000000

	504: 0.000000 (1)
		504: 0.000000 -- 0.000000  (1)
	--> std: 0.000000 -- 0.000000

	505: 0.000000 (1)
		505: 0.000000 -- 0.000000  (1)
	--> std: 0.000000 -- 0.000000

	506: 0.000000 (1)
		506: 0.000000 -- 0.000000  (1)
	--> std: 0.000000 -- 0.000000

	507: 0.000000 (1)
		507: 0.000000 -- 0.000000  (1)
	--> std: 0.000000 -- 0.000000

	508: 0.000000 (1)
		508: 0.000000 -- 0.000000  (1)
	--> std: 0.000000 -- 0.000000

	509: 0.000000 (1)
		509: 0.000000 -- 0.000000  (1)
	--> std: 0.000000 -- 0.000000

	510: 0.000000 (1)
		510: 0.000000 -- 0.000000  (1)
	--> std: 0.000000 -- 0.000000

	511: 0.000000 (1)
		511: 0.000000 -- 0.000000  (1)
	--> std: 0.000000 -- 0.000000

	512: 0.000000 (1)
		512: 0.000000 -- 0.000000  (1)
	--> std: 0.000000 -- 0.000000

	513: 0.000000 (1)
		513: 0.000000 -- 0.000000  (1)
	--> std: 0.000000 -- 0.000000

	514: 0.000000 (1)
		514: 0.000000 -- 0.000000  (1)
	--> std: 0.000000 -- 0.000000

	515: 0.000000 (1)
		515: 0.000000 -- 0.000000  (1)
	--> std: 0.000000 -- 0.000000

	516: 0.000000 (1)
		516: 0.000000 -- 0.000000  (1)
	--> std: 0.000000 -- 0.000000

	517: 0.000000 (1)
		517: 0.000000 -- 0.000000  (1)
	--> std: 0.000000 -- 0.000000

	518: 0.000000 (1)
		518: 0.000000 -- 0.000000  (1)
	--> std: 0.000000 -- 0.000000

	519: 0.000000 (1)
		519: 0.000000 -- 0.000000  (1)
	--> std: 0.000000 -- 0.000000

	520: 0.000000 (1)
		520: 0.000000 -- 0.000000  (1)
	--> std: 0.000000 -- 0.000000

	521: 0.000000 (1)
		521: 0.000000 -- 0.000000  (1)
	--> std: 0.000000 -- 0.000000

	522: 0.000000 (1)
		522: 0.000000 -- 0.000000  (1)
	--> std: 0.000000 -- 0.000000

	523: 0.000000 (1)
		523: 0.000000 -- 0.000000  (1)
	--> std: 0.000000 -- 0.000000

	524: 0.000000 (1)
		524: 0.000000 -- 0.000000  (1)
	--> std: 0.000000 -- 0.000000

	525: 0.000000 (1)
		525: 0.000000 -- 0.000000  (1)
	--> std: 0.000000 -- 0.000000

	526: 0.000000 (1)
		526: 0.000000 -- 0.000000  (1)
	--> std: 0.000000 -- 0.000000

	527: 0.000000 (1)
		527: 0.000000 -- 0.000000  (1)
	--> std: 0.000000 -- 0.000000

	528: 0.000000 (1)
		528: 0.000000 -- 0.000000  (1)
	--> std: 0.000000 -- 0.000000

	529: 0.000000 (1)
		529: 0.000000 -- 0.000000  (1)
	--> std: 0.000000 -- 0.000000

	530: 0.000000 (1)
		530: 0.000000 -- 0.000000  (1)
	--> std: 0.000000 -- 0.000000

	531: 0.000000 (1)
		531: 0.000000 -- 0.000000  (1)
	--> std: 0.000000 -- 0.000000

	532: 0.000000 (1)
		532: 0.000000 -- 0.000000  (1)
	--> std: 0.000000 -- 0.000000

	533: 0.000000 (1)
		533: 0.000000 -- 0.000000  (1)
	--> std: 0.000000 -- 0.000000

	534: 0.000000 (1)
		534: 0.000000 -- 0.000000  (1)
	--> std: 0.000000 -- 0.000000

	535: 0.000000 (1)
		535: 0.000000 -- 0.000000  (1)
	--> std: 0.000000 -- 0.000000

	536: 0.000000 (1)
		536: 0.000000 -- 0.000000  (1)
	--> std: 0.000000 -- 0.000000

	537: 0.000000 (1)
		537: 0.000000 -- 0.000000  (1)
	--> std: 0.000000 -- 0.000000

	538: 0.000000 (1)
		538: 0.000000 -- 0.000000  (1)
	--> std: 0.000000 -- 0.000000

	539: 0.000000 (1)
		539: 0.000000 -- 0.000000  (1)
	--> std: 0.000000 -- 0.000000

	540: 0.000000 (1)
		540: 0.000000 -- 0.000000  (1)
	--> std: 0.000000 -- 0.000000

	541: 0.000000 (1)
		541: 0.000000 -- 0.000000  (1)
	--> std: 0.000000 -- 0.000000

	542: 0.000000 (1)
		542: 0.000000 -- 0.000000  (1)
	--> std: 0.000000 -- 0.000000

	543: 0.000000 (1)
		543: 0.000000 -- 0.000000  (1)
	--> std: 0.000000 -- 0.000000

	544: 0.000000 (1)
		544: 0.000000 -- 0.000000  (1)
	--> std: 0.000000 -- 0.000000

	545: 0.000000 (1)
		545: 0.000000 -- 0.000000  (1)
	--> std: 0.000000 -- 0.000000

	546: 0.000000 (1)
		546: 0.000000 -- 0.000000  (1)
	--> std: 0.000000 -- 0.000000

	547: 0.000000 (1)
		547: 0.000000 -- 0.000000  (1)
	--> std: 0.000000 -- 0.000000

	548: 0.000000 (1)
		548: 0.000000 -- 0.000000  (1)
	--> std: 0.000000 -- 0.000000

	549: 0.000000 (1)
		549: 0.000000 -- 0.000000  (1)
	--> std: 0.000000 -- 0.000000

	550: 0.000000 (1)
		550: 0.000000 -- 0.000000  (1)
	--> std: 0.000000 -- 0.000000

	551: 0.000000 (1)
		551: 0.000000 -- 0.000000  (1)
	--> std: 0.000000 -- 0.000000

	552: 0.000000 (1)
		552: 0.000000 -- 0.000000  (1)
	--> std: 0.000000 -- 0.000000

	553: 0.000000 (1)
		553: 0.000000 -- 0.000000  (1)
	--> std: 0.000000 -- 0.000000

	554: 0.000000 (1)
		554: 0.000000 -- 0.000000  (1)
	--> std: 0.000000 -- 0.000000

	555: 0.000000 (1)
		555: 0.000000 -- 0.000000  (1)
	--> std: 0.000000 -- 0.000000

	556: 0.000000 (1)
		556: 0.000000 -- 0.000000  (1)
	--> std: 0.000000 -- 0.000000

	557: 0.000000 (1)
		557: 0.000000 -- 0.000000  (1)
	--> std: 0.000000 -- 0.000000

	558: 0.000000 (1)
		558: 0.000000 -- 0.000000  (1)
	--> std: 0.000000 -- 0.000000

	559: 0.000000 (1)
		559: 0.000000 -- 0.000000  (1)
	--> std: 0.000000 -- 0.000000

	560: 0.000000 (1)
		560: 0.000000 -- 0.000000  (1)
	--> std: 0.000000 -- 0.000000

	561: 0.000000 (1)
		561: 0.000000 -- 0.000000  (1)
	--> std: 0.000000 -- 0.000000

	562: 0.000000 (1)
		562: 0.000000 -- 0.000000  (1)
	--> std: 0.000000 -- 0.000000

	563: 0.000000 (1)
		563: 0.000000 -- 0.000000  (1)
	--> std: 0.000000 -- 0.000000

	564: 0.000000 (1)
		564: 0.000000 -- 0.000000  (1)
	--> std: 0.000000 -- 0.000000

	565: 0.000000 (1)
		565: 0.000000 -- 0.000000  (1)
	--> std: 0.000000 -- 0.000000

	566: 0.000000 (1)
		566: 0.000000 -- 0.000000  (1)
	--> std: 0.000000 -- 0.000000

	567: 0.000000 (1)
		567: 0.000000 -- 0.000000  (1)
	--> std: 0.000000 -- 0.000000

	568: 0.000000 (1)
		568: 0.000000 -- 0.000000  (1)
	--> std: 0.000000 -- 0.000000

	569: 0.000000 (1)
		569: 0.000000 -- 0.000000  (1)
	--> std: 0.000000 -- 0.000000

	570: 0.000000 (1)
		570: 0.000000 -- 0.000000  (1)
	--> std: 0.000000 -- 0.000000

	571: 0.000000 (1)
		571: 0.000000 -- 0.000000  (1)
	--> std: 0.000000 -- 0.000000

	572: 0.000000 (1)
		572: 0.000000 -- 0.000000  (1)
	--> std: 0.000000 -- 0.000000

	573: 0.000000 (1)
		573: 0.000000 -- 0.000000  (1)
	--> std: 0.000000 -- 0.000000

	574: 0.000000 (1)
		574: 0.000000 -- 0.000000  (1)
	--> std: 0.000000 -- 0.000000

	575: 0.000000 (1)
		575: 0.000000 -- 0.000000  (1)
	--> std: 0.000000 -- 0.000000

	576: 0.000000 (1)
		576: 0.000000 -- 0.000000  (1)
	--> std: 0.000000 -- 0.000000

	577: 0.000000 (1)
		577: 0.000000 -- 0.000000  (1)
	--> std: 0.000000 -- 0.000000

	578: 0.000000 (1)
		578: 0.000000 -- 0.000000  (1)
	--> std: 0.000000 -- 0.000000

	579: 0.000000 (1)
		579: 0.000000 -- 0.000000  (1)
	--> std: 0.000000 -- 0.000000

	580: 0.000000 (1)
		580: 0.000000 -- 0.000000  (1)
	--> std: 0.000000 -- 0.000000

	581: 0.000000 (1)
		581: 0.000000 -- 0.000000  (1)
	--> std: 0.000000 -- 0.000000

	582: 0.000000 (1)
		582: 0.000000 -- 0.000000  (1)
	--> std: 0.000000 -- 0.000000

	583: 0.000000 (1)
		583: 0.000000 -- 0.000000  (1)
	--> std: 0.000000 -- 0.000000

	584: 0.000000 (1)
		584: 0.000000 -- 0.000000  (1)
	--> std: 0.000000 -- 0.000000

	585: 0.000000 (1)
		585: 0.000000 -- 0.000000  (1)
	--> std: 0.000000 -- 0.000000

	586: 0.000000 (1)
		586: 0.000000 -- 0.000000  (1)
	--> std: 0.000000 -- 0.000000

	587: 0.000000 (1)
		587: 0.000000 -- 0.000000  (1)
	--> std: 0.000000 -- 0.000000

	588: 0.000000 (1)
		588: 0.000000 -- 0.000000  (1)
	--> std: 0.000000 -- 0.000000

	589: 0.000000 (1)
		589: 0.000000 -- 0.000000  (1)
	--> std: 0.000000 -- 0.000000

	590: 0.000000 (1)
		590: 0.000000 -- 0.000000  (1)
	--> std: 0.000000 -- 0.000000

	591: 0.000000 (1)
		591: 0.000000 -- 0.000000  (1)
	--> std: 0.000000 -- 0.000000

	592: 0.000000 (1)
		592: 0.000000 -- 0.000000  (1)
	--> std: 0.000000 -- 0.000000

	593: 0.000000 (1)
		593: 0.000000 -- 0.000000  (1)
	--> std: 0.000000 -- 0.000000

	594: 0.000000 (1)
		594: 0.000000 -- 0.000000  (1)
	--> std: 0.000000 -- 0.000000

	595: 0.000000 (1)
		595: 0.000000 -- 0.000000  (1)
	--> std: 0.000000 -- 0.000000

	596: 0.000000 (1)
		596: 0.000000 -- 0.000000  (1)
	--> std: 0.000000 -- 0.000000

	597: 0.000000 (1)
		597: 0.000000 -- 0.000000  (1)
	--> std: 0.000000 -- 0.000000

	598: 0.000000 (1)
		598: 0.000000 -- 0.000000  (1)
	--> std: 0.000000 -- 0.000000

	599: 0.000000 (1)
		599: 0.000000 -- 0.000000  (1)
	--> std: 0.000000 -- 0.000000

	600: 0.000000 (1)
		600: 0.000000 -- 0.000000  (1)
	--> std: 0.000000 -- 0.000000

	601: 0.000000 (1)
		601: 0.000000 -- 0.000000  (1)
	--> std: 0.000000 -- 0.000000

	602: 0.000000 (1)
		602: 0.000000 -- 0.000000  (1)
	--> std: 0.000000 -- 0.000000

	603: 0.000000 (1)
		603: 0.000000 -- 0.000000  (1)
	--> std: 0.000000 -- 0.000000

	604: 0.000000 (1)
		604: 0.000000 -- 0.000000  (1)
	--> std: 0.000000 -- 0.000000

	605: 0.000000 (1)
		605: 0.000000 -- 0.000000  (1)
	--> std: 0.000000 -- 0.000000

	606: 0.000000 (1)
		606: 0.000000 -- 0.000000  (1)
	--> std: 0.000000 -- 0.000000

	607: 0.000000 (1)
		607: 0.000000 -- 0.000000  (1)
	--> std: 0.000000 -- 0.000000

	608: 0.000000 (1)
		608: 0.000000 -- 0.000000  (1)
	--> std: 0.000000 -- 0.000000

	609: 0.000000 (1)
		609: 0.000000 -- 0.000000  (1)
	--> std: 0.000000 -- 0.000000

	610: 0.000000 (1)
		610: 0.000000 -- 0.000000  (1)
	--> std: 0.000000 -- 0.000000

	611: 0.000000 (1)
		611: 0.000000 -- 0.000000  (1)
	--> std: 0.000000 -- 0.000000

	612: 0.000000 (1)
		612: 0.000000 -- 0.000000  (1)
	--> std: 0.000000 -- 0.000000

	613: 0.000000 (1)
		613: 0.000000 -- 0.000000  (1)
	--> std: 0.000000 -- 0.000000

	614: 0.000000 (1)
		614: 0.000000 -- 0.000000  (1)
	--> std: 0.000000 -- 0.000000

	615: 0.000000 (1)
		615: 0.000000 -- 0.000000  (1)
	--> std: 0.000000 -- 0.000000

	616: 0.000000 (1)
		616: 0.000000 -- 0.000000  (1)
	--> std: 0.000000 -- 0.000000

	617: 0.000000 (1)
		617: 0.000000 -- 0.000000  (1)
	--> std: 0.000000 -- 0.000000

	618: 0.000000 (1)
		618: 0.000000 -- 0.000000  (1)
	--> std: 0.000000 -- 0.000000

	619: 0.000000 (1)
		619: 0.000000 -- 0.000000  (1)
	--> std: 0.000000 -- 0.000000

	620: 0.000000 (1)
		620: 0.000000 -- 0.000000  (1)
	--> std: 0.000000 -- 0.000000

	621: 0.000000 (1)
		621: 0.000000 -- 0.000000  (1)
	--> std: 0.000000 -- 0.000000

	622: 0.000000 (1)
		622: 0.000000 -- 0.000000  (1)
	--> std: 0.000000 -- 0.000000

	623: 0.000000 (1)
		623: 0.000000 -- 0.000000  (1)
	--> std: 0.000000 -- 0.000000

	Avg: 0.000000 -- 0.000000 
	Std: 0.000000 -- 0.000000 

Subclusters Formed: 624

Selecting Representatives:
Representatives:
[0, 0, 0, 0, 0, 0, 0, 0, 0, 0, 0, 0, 0, 0, 0, 0, 0, 0, 0, 0, 0, 0, 0, 0, 0, 0, 0, 0, 0, 0, 0, 0, 0, 0, 0, 0, 0, 0, 0, 0, 0, 0, 0, 0, 0, 0, 0, 0, 0, 0, 0, 0, 0, 0, 0, 0, 0, 0, 0, 0, 0, 0, 0, 0, 0, 0, 0, 0, 0, 0, 0, 0, 0, 0, 0, 0, 0, 0, 0, 0, 0, 0, 0, 0, 0, 0, 0, 0, 0, 0, 0, 0, 0, 0, 0, 0, 0, 0, 0, 0, 0, 0, 0, 0, 0, 0, 0, 0, 0, 0, 0, 0, 0, 0, 0, 0, 0, 0, 0, 0, 0, 0, 0, 0, 0, 0, 0, 0, 0, 0, 0, 0, 0, 0, 0, 0, 0, 0, 0, 0, 0, 0, 0, 0, 0, 0, 0, 0, 0, 0, 0, 0, 0, 0, 0, 0, 0, 0, 0, 0, 0, 0, 0, 0, 0, 0, 0, 0, 0, 0, 0, 0, 0, 0, 0, 0, 0, 0, 0, 0, 0, 0, 0, 0, 0, 0, 0, 0, 0, 0, 0, 0, 0, 0, 0, 0, 0, 0, 0, 0, 0, 0, 0, 0, 0, 0, 0, 0, 0, 0, 0, 0, 0, 0, 0, 0, 0, 0, 0, 0, 0, 0, 0, 0, 0, 0, 0, 0, 0, 0, 0, 0, 0, 0, 0, 0, 0, 0, 0, 0, 0, 0, 0, 0, 0, 0, 0, 0, 0, 0, 0, 0, 0, 0, 0, 0, 0, 0, 0, 0, 0, 0, 0, 0, 0, 0, 0, 0, 0, 0, 0, 0, 0, 0, 0, 0, 0, 0, 0, 0, 0, 0, 0, 0, 0, 0, 0, 0, 0, 0, 0, 0, 0, 0, 0, 0, 0, 0, 0, 0, 0, 0, 0, 0, 0, 0, 0, 0, 0, 0, 0, 0, 0, 0, 0, 0, 0, 0, 0, 0, 0, 0, 0, 0, 0, 0, 0, 0, 0, 0, 0, 0, 0, 0, 0, 0, 0, 0, 0, 0, 0, 0, 0, 0, 0, 0, 0, 0, 0, 0, 0, 0, 0, 0, 0, 0, 0, 0, 0, 0, 0, 0, 0, 0, 0, 0, 0, 0, 0, 0, 0, 0, 0, 0, 0, 0, 0, 0, 0, 0, 0, 0, 0, 0, 0, 0, 0, 0, 0, 0, 0, 0, 0, 0, 0, 0, 0, 0, 0, 0, 0, 0, 0, 0, 0, 0, 0, 0, 0, 0, 0, 0, 0, 0, 0, 0, 0, 0, 0, 0, 0, 0, 0, 0, 0, 0, 0, 0, 0, 0, 0, 0, 0, 0, 0, 0, 0, 0, 0, 0, 0, 0, 0, 0, 0, 0, 0, 0, 0, 0, 0, 0, 0, 0, 0, 0, 0, 0, 0, 0, 0, 0, 0, 0, 0, 0, 0, 0, 0, 0, 0, 0, 0, 0, 0, 0, 0, 0, 0, 0, 0, 0, 0, 0, 0, 0, 0, 0, 0, 0, 0, 0, 0, 0, 0, 0, 0, 0, 0, 0, 0, 0, 0, 0, 0, 0, 0, 0, 0, 0, 0, 0, 0, 0, 0, 0, 0, 0, 0, 0, 0, 0, 0, 0, 0, 0, 0, 0, 0, 0, 0, 0, 0, 0, 0, 0, 0, 0, 0, 0, 0, 0, 0, 0, 0, 0, 0, 0, 0, 0, 0, 0, 0, 0, 0, 0, 0, 0, 0, 0, 0, 0, 0, 0, 0, 0, 0, 0, 0, 0, 0, 0, 0, 0, 0, 0, 0, 0, 0, 0, 0, 0, 0, 0, 0, 0, 0, 0, 0, 0, 0, 0, 0, 0, 0, 0, 0, 0, 0, 0, 0, 0, 0, 0, 0, 0, 0, 0, 0, 0, 0, 0, 0, 0, 0, 0, 0, 0, 0, 0, 0, 0, 0, 0]


Generating Feedback:
Farthest First
Computing pairwise distances between representatives.
Beginning Queries
Feedback: 2
	{'happy': [191]}
	{'neutral': [137]}
Number of Queries: 2

Merging Subclusters:
Generating Data

Train All

Merged Feedback:
	[[137], [191]] 2

Connot Link Subcluster Constraints:
	[set([1]), set([0])] 2

Test All

Creating files for: _deploy
Train_data: (2, 3, 64, 64)
Data: (624, 3, 64, 64)
Creating files for: _train
Network:
layer {
  name: "data"
  type: "HDF5Data"
  top: "data"
  top: "labels"
  hdf5_data_param {
    source: "_train.txt"
    batch_size: 10
    shuffle: true
  }
}
layer {
  name: "ip1"
  type: "InnerProduct"
  bottom: "data"
  top: "ip1"
  param {
    name: "ip1_w"
    lr_mult: 1
  }
  param {
    name: "ip1_b"
    lr_mult: 2
  }
  inner_product_param {
    num_output: 500
    weight_filler {
      type: "xavier"
    }
    bias_filler {
      type: "gaussian"
      std: 0.1
    }
  }
}
layer {
  name: "s1"
  type: "Sigmoid"
  bottom: "ip1"
  top: "ip1"
}
layer {
  name: "ip2"
  type: "InnerProduct"
  bottom: "ip1"
  top: "ip2"
  param {
    name: "ip2_w"
    lr_mult: 1
  }
  param {
    name: "ip2_b"
    lr_mult: 2
  }
  inner_product_param {
    num_output: 250
    weight_filler {
      type: "xavier"
    }
    bias_filler {
      type: "constant"
    }
  }
}
layer {
  name: "s2"
  type: "Sigmoid"
  bottom: "ip2"
  top: "ip2"
}
layer {
  name: "feat"
  type: "InnerProduct"
  bottom: "ip2"
  top: "feat"
  param {
    name: "feat_w"
    lr_mult: 1
  }
  param {
    name: "feat_b"
    lr_mult: 2
  }
  inner_product_param {
    num_output: 100
    weight_filler {
      type: "xavier"
    }
    bias_filler {
      type: "constant"
    }
  }
}
layer {
  name: "loss"
  type: "WrapperContrastiveLoss"
  bottom: "feat"
  bottom: "labels"
  top: "loss"
  contrastive_loss_param {
    margin: 1
  }
}


Training siamese network
data (624, 3, 64, 64)
targets: (624,)
K: 2
Reclustering

~! 2 !~
Accuracy: 159 of 624: 25.481 %
H: 0.000052 C: 0.000104 V: 0.000069 JCC: 0.197991



~! 7 !~
Accuracy: 170 of 624: 27.244 %
H: 0.001295 C: 0.001642 V: 0.001448 JCC: 0.165686



~! 12 !~
Accuracy: 169 of 624: 27.083 %
H: 0.002224 C: 0.002281 V: 0.002252 JCC: 0.145797



~! 17 !~
Accuracy: 163 of 624: 26.122 %
H: 0.000488 C: 0.000700 V: 0.000575 JCC: 0.184582



~! 22 !~
Accuracy: 179 of 624: 28.686 %
H: 0.005552 C: 0.005663 V: 0.005607 JCC: 0.146350



~! 27 !~
Accuracy: 182 of 624: 29.167 %
H: 0.004905 C: 0.004941 V: 0.004923 JCC: 0.143616



~! 32 !~
Accuracy: 167 of 624: 26.763 %
H: 0.001684 C: 0.001743 V: 0.001713 JCC: 0.147801



~! 37 !~
Accuracy: 174 of 624: 27.885 %
H: 0.003415 C: 0.003594 V: 0.003503 JCC: 0.151190



~! 42 !~
Accuracy: 170 of 624: 27.244 %
H: 0.002205 C: 0.002322 V: 0.002262 JCC: 0.151210



~! 47 !~
Accuracy: 184 of 624: 29.487 %
H: 0.006623 C: 0.006887 V: 0.006752 JCC: 0.150839



~! 52 !~
Accuracy: 184 of 624: 29.487 %
H: 0.005189 C: 0.005365 V: 0.005276 JCC: 0.149320



~! 57 !~
Accuracy: 190 of 624: 30.449 %
H: 0.009344 C: 0.010156 V: 0.009733 JCC: 0.159951



~! 62 !~
Accuracy: 197 of 624: 31.571 %
H: 0.016257 C: 0.016507 V: 0.016381 JCC: 0.149918



~! 67 !~
Accuracy: 203 of 624: 32.532 %
H: 0.013154 C: 0.013214 V: 0.013184 JCC: 0.146742



~! 72 !~
Accuracy: 215 of 624: 34.455 %
H: 0.021568 C: 0.021853 V: 0.021710 JCC: 0.152221



~! 77 !~
Accuracy: 196 of 624: 31.410 %
H: 0.012132 C: 0.012305 V: 0.012218 JCC: 0.148338



~! 82 !~
Accuracy: 188 of 624: 30.128 %
H: 0.010932 C: 0.011221 V: 0.011074 JCC: 0.149653



~! 87 !~
Accuracy: 201 of 624: 32.212 %
H: 0.014051 C: 0.014343 V: 0.014195 JCC: 0.150417



~! 92 !~
Accuracy: 189 of 624: 30.288 %
H: 0.009932 C: 0.010001 V: 0.009966 JCC: 0.146189



~! 97 !~
Accuracy: 200 of 624: 32.051 %
H: 0.011690 C: 0.011990 V: 0.011838 JCC: 0.150790



~! 102 !~
Accuracy: 212 of 624: 33.974 %
H: 0.020740 C: 0.020809 V: 0.020775 JCC: 0.150096



~! 107 !~
Accuracy: 208 of 624: 33.333 %
H: 0.021654 C: 0.022056 V: 0.021854 JCC: 0.153619



~! 112 !~
Accuracy: 225 of 624: 36.058 %
H: 0.033076 C: 0.033390 V: 0.033232 JCC: 0.157030



~! 117 !~
Accuracy: 210 of 624: 33.654 %
H: 0.022402 C: 0.022582 V: 0.022491 JCC: 0.151584



~! 122 !~
Accuracy: 202 of 624: 32.372 %
H: 0.018946 C: 0.019118 V: 0.019032 JCC: 0.151314



~! 127 !~
Accuracy: 223 of 624: 35.737 %
H: 0.030387 C: 0.030903 V: 0.030643 JCC: 0.157746



~! 132 !~
Accuracy: 217 of 624: 34.776 %
H: 0.022316 C: 0.022835 V: 0.022572 JCC: 0.155560



~! 137 !~
Accuracy: 206 of 624: 33.013 %
H: 0.018150 C: 0.018286 V: 0.018218 JCC: 0.150377



~! 142 !~
Accuracy: 206 of 624: 33.013 %
H: 0.019515 C: 0.019644 V: 0.019580 JCC: 0.150948



~! 147 !~
Accuracy: 211 of 624: 33.814 %
H: 0.027503 C: 0.027871 V: 0.027686 JCC: 0.153385



~! 152 !~
Accuracy: 208 of 624: 33.333 %
H: 0.023069 C: 0.023338 V: 0.023203 JCC: 0.154121



~! 157 !~
Accuracy: 201 of 624: 32.212 %
H: 0.018998 C: 0.019391 V: 0.019192 JCC: 0.153241



~! 162 !~
Accuracy: 191 of 624: 30.609 %
H: 0.013832 C: 0.013906 V: 0.013869 JCC: 0.146950



~! 167 !~
Accuracy: 219 of 624: 35.096 %
H: 0.028953 C: 0.029169 V: 0.029060 JCC: 0.155983



~! 172 !~
Accuracy: 196 of 624: 31.410 %
H: 0.011528 C: 0.011723 V: 0.011625 JCC: 0.149005



~! 177 !~
Accuracy: 202 of 624: 32.372 %
H: 0.017562 C: 0.017618 V: 0.017590 JCC: 0.148675



~! 182 !~
Accuracy: 208 of 624: 33.333 %
H: 0.021513 C: 0.021654 V: 0.021583 JCC: 0.151233



~! 187 !~
Accuracy: 202 of 624: 32.372 %
H: 0.017042 C: 0.017540 V: 0.017287 JCC: 0.155317



~! 192 !~
Accuracy: 203 of 624: 32.532 %
H: 0.019754 C: 0.020149 V: 0.019949 JCC: 0.153535



~! 197 !~
Accuracy: 196 of 624: 31.410 %
H: 0.014913 C: 0.015072 V: 0.014992 JCC: 0.149773



~! 202 !~
Accuracy: 208 of 624: 33.333 %
H: 0.026975 C: 0.027269 V: 0.027121 JCC: 0.155254



~! 207 !~
Accuracy: 199 of 624: 31.891 %
H: 0.017513 C: 0.018041 V: 0.017773 JCC: 0.154724



~! 212 !~
Accuracy: 187 of 624: 29.968 %
H: 0.011426 C: 0.011496 V: 0.011461 JCC: 0.146700



~! 217 !~
Accuracy: 195 of 624: 31.250 %
H: 0.015246 C: 0.015451 V: 0.015348 JCC: 0.150277



~! 222 !~
Accuracy: 187 of 624: 29.968 %
H: 0.009000 C: 0.009109 V: 0.009054 JCC: 0.147202



~! 227 !~
Accuracy: 180 of 624: 28.846 %
H: 0.006838 C: 0.006862 V: 0.006850 JCC: 0.143543



~! 232 !~
Accuracy: 188 of 624: 30.128 %
H: 0.008206 C: 0.008349 V: 0.008277 JCC: 0.148125



~! 237 !~
Accuracy: 180 of 624: 28.846 %
H: 0.005900 C: 0.005919 V: 0.005910 JCC: 0.143047



~! 242 !~
Accuracy: 176 of 624: 28.205 %
H: 0.004382 C: 0.004385 V: 0.004384 JCC: 0.141917



~! 247 !~
Accuracy: 191 of 624: 30.609 %
H: 0.011037 C: 0.011140 V: 0.011088 JCC: 0.146918



~! 252 !~
Accuracy: 192 of 624: 30.769 %
H: 0.013554 C: 0.013678 V: 0.013616 JCC: 0.148320



~! 257 !~
Accuracy: 194 of 624: 31.090 %
H: 0.013852 C: 0.013950 V: 0.013901 JCC: 0.148318



~! 262 !~
Accuracy: 184 of 624: 29.487 %
H: 0.009046 C: 0.009137 V: 0.009091 JCC: 0.145850



~! 267 !~
Accuracy: 183 of 624: 29.327 %
H: 0.006331 C: 0.006354 V: 0.006342 JCC: 0.143465



~! 272 !~
Accuracy: 183 of 624: 29.327 %
H: 0.007066 C: 0.007102 V: 0.007084 JCC: 0.144391



~! 277 !~
Accuracy: 196 of 624: 31.410 %
H: 0.015184 C: 0.015200 V: 0.015192 JCC: 0.147027



~! 282 !~
Accuracy: 189 of 624: 30.288 %
H: 0.010832 C: 0.010892 V: 0.010862 JCC: 0.146323



~! 287 !~
Accuracy: 176 of 624: 28.205 %
H: 0.003505 C: 0.003529 V: 0.003517 JCC: 0.142840



~! 292 !~
Accuracy: 180 of 624: 28.846 %
H: 0.005122 C: 0.005156 V: 0.005139 JCC: 0.143446



~! 297 !~
Accuracy: 177 of 624: 28.365 %
H: 0.004052 C: 0.004111 V: 0.004081 JCC: 0.144927



~! 302 !~
Accuracy: 184 of 624: 29.487 %
H: 0.007039 C: 0.007097 V: 0.007068 JCC: 0.144544



~! 307 !~
Accuracy: 183 of 624: 29.327 %
H: 0.007290 C: 0.007360 V: 0.007325 JCC: 0.145138



~! 312 !~
Accuracy: 187 of 624: 29.968 %
H: 0.009658 C: 0.009909 V: 0.009782 JCC: 0.150589



~! 317 !~
Accuracy: 181 of 624: 29.006 %
H: 0.006734 C: 0.006744 V: 0.006739 JCC: 0.143285



~! 322 !~
Accuracy: 188 of 624: 30.128 %
H: 0.012175 C: 0.012185 V: 0.012180 JCC: 0.145334



~! 327 !~
Accuracy: 176 of 624: 28.205 %
H: 0.004302 C: 0.004327 V: 0.004314 JCC: 0.143266



~! 332 !~
Accuracy: 180 of 624: 28.846 %
H: 0.008020 C: 0.008061 V: 0.008041 JCC: 0.144233



~! 337 !~
Accuracy: 189 of 624: 30.288 %
H: 0.010965 C: 0.011161 V: 0.011062 JCC: 0.149025



~! 342 !~
Accuracy: 180 of 624: 28.846 %
H: 0.005988 C: 0.006100 V: 0.006043 JCC: 0.146949



~! 347 !~
Accuracy: 181 of 624: 29.006 %
H: 0.007025 C: 0.007026 V: 0.007026 JCC: 0.142953



~! 352 !~
Accuracy: 179 of 624: 28.686 %
H: 0.005881 C: 0.005890 V: 0.005886 JCC: 0.142810



~! 357 !~
Accuracy: 177 of 624: 28.365 %
H: 0.006106 C: 0.006126 V: 0.006116 JCC: 0.143166



~! 362 !~
Accuracy: 193 of 624: 30.929 %
H: 0.012764 C: 0.012846 V: 0.012805 JCC: 0.147406



~! 367 !~
Accuracy: 178 of 624: 28.526 %
H: 0.004786 C: 0.004877 V: 0.004831 JCC: 0.146661



~! 372 !~
Accuracy: 178 of 624: 28.526 %
H: 0.004086 C: 0.004116 V: 0.004101 JCC: 0.143292



~! 377 !~
Accuracy: 172 of 624: 27.564 %
H: 0.002100 C: 0.002109 V: 0.002105 JCC: 0.141727



~! 382 !~
Accuracy: 165 of 624: 26.442 %
H: 0.001510 C: 0.001511 V: 0.001511 JCC: 0.140489



~! 387 !~
Accuracy: 176 of 624: 28.205 %
H: 0.003770 C: 0.003797 V: 0.003784 JCC: 0.143120



~! 392 !~
Accuracy: 172 of 624: 27.564 %
H: 0.002909 C: 0.002943 V: 0.002926 JCC: 0.143592



~! 397 !~
Accuracy: 185 of 624: 29.647 %
H: 0.008763 C: 0.008907 V: 0.008835 JCC: 0.147507



~! 402 !~
Accuracy: 181 of 624: 29.006 %
H: 0.005231 C: 0.005291 V: 0.005261 JCC: 0.144661



~! 407 !~
Accuracy: 169 of 624: 27.083 %
H: 0.002679 C: 0.002684 V: 0.002682 JCC: 0.141381



~! 412 !~
Accuracy: 177 of 624: 28.365 %
H: 0.004077 C: 0.004091 V: 0.004084 JCC: 0.142404



~! 417 !~
Accuracy: 176 of 624: 28.205 %
H: 0.004626 C: 0.004638 V: 0.004632 JCC: 0.142506



~! 422 !~
Accuracy: 170 of 624: 27.244 %
H: 0.001508 C: 0.001527 V: 0.001518 JCC: 0.143027



~! 427 !~
Accuracy: 182 of 624: 29.167 %
H: 0.005569 C: 0.005664 V: 0.005616 JCC: 0.146170



~! 432 !~
Accuracy: 175 of 624: 28.045 %
H: 0.003472 C: 0.003531 V: 0.003501 JCC: 0.145115



~! 437 !~
Accuracy: 168 of 624: 26.923 %
H: 0.001412 C: 0.001413 V: 0.001412 JCC: 0.140467



~! 442 !~
Accuracy: 176 of 624: 28.205 %
H: 0.003874 C: 0.003876 V: 0.003875 JCC: 0.141624



~! 447 !~
Accuracy: 180 of 624: 28.846 %
H: 0.007436 C: 0.007474 V: 0.007455 JCC: 0.144277



~! 452 !~
Accuracy: 179 of 624: 28.686 %
H: 0.004438 C: 0.004468 V: 0.004453 JCC: 0.143369



~! 457 !~
Accuracy: 168 of 624: 26.923 %
H: 0.002205 C: 0.002213 V: 0.002209 JCC: 0.141481



~! 462 !~
Accuracy: 172 of 624: 27.564 %
H: 0.003086 C: 0.003107 V: 0.003097 JCC: 0.142603



~! 467 !~
Accuracy: 171 of 624: 27.404 %
H: 0.002146 C: 0.002150 V: 0.002148 JCC: 0.141186



~! 472 !~
Accuracy: 161 of 624: 25.801 %
H: 0.000458 C: 0.000465 V: 0.000461 JCC: 0.143178



~! 477 !~
Accuracy: 177 of 624: 28.365 %
H: 0.005313 C: 0.005375 V: 0.005344 JCC: 0.144716



~! 482 !~
Accuracy: 170 of 624: 27.244 %
H: 0.001978 C: 0.001998 V: 0.001988 JCC: 0.142920



~! 487 !~
Accuracy: 175 of 624: 28.045 %
H: 0.005205 C: 0.005218 V: 0.005212 JCC: 0.142413



~! 492 !~
Accuracy: 168 of 624: 26.923 %
H: 0.001106 C: 0.001113 V: 0.001110 JCC: 0.141781



~! 497 !~
Accuracy: 164 of 624: 26.282 %
H: 0.001142 C: 0.001148 V: 0.001145 JCC: 0.141448



~! 502 !~
Accuracy: 174 of 624: 27.885 %
H: 0.002709 C: 0.002734 V: 0.002721 JCC: 0.143019



~! 507 !~
Accuracy: 166 of 624: 26.603 %
H: 0.001109 C: 0.001110 V: 0.001110 JCC: 0.140355



~! 512 !~
Accuracy: 170 of 624: 27.244 %
H: 0.003162 C: 0.003164 V: 0.003163 JCC: 0.141337



~! 517 !~
Accuracy: 176 of 624: 28.205 %
H: 0.003675 C: 0.003714 V: 0.003695 JCC: 0.143969



~! 522 !~
Accuracy: 177 of 624: 28.365 %
H: 0.003425 C: 0.003456 V: 0.003441 JCC: 0.143574



~! 527 !~
Accuracy: 171 of 624: 27.404 %
H: 0.002786 C: 0.002798 V: 0.002792 JCC: 0.141952



~! 532 !~
Accuracy: 172 of 624: 27.564 %
H: 0.002122 C: 0.002132 V: 0.002127 JCC: 0.141718



~! 537 !~
Accuracy: 185 of 624: 29.647 %
H: 0.007098 C: 0.007156 V: 0.007127 JCC: 0.144745



~! 542 !~
Accuracy: 167 of 624: 26.763 %
H: 0.001317 C: 0.001318 V: 0.001317 JCC: 0.140461



~! 547 !~
Accuracy: 176 of 624: 28.205 %
H: 0.003510 C: 0.003567 V: 0.003538 JCC: 0.144980



~! 552 !~
Accuracy: 175 of 624: 28.045 %
H: 0.004403 C: 0.004463 V: 0.004433 JCC: 0.144728



~! 557 !~
Accuracy: 169 of 624: 27.083 %
H: 0.002321 C: 0.002334 V: 0.002327 JCC: 0.142114



~! 562 !~
Accuracy: 169 of 624: 27.083 %
H: 0.001992 C: 0.002003 V: 0.001997 JCC: 0.141752



~! 567 !~
Accuracy: 169 of 624: 27.083 %
H: 0.002548 C: 0.002554 V: 0.002551 JCC: 0.141466



~! 572 !~
Accuracy: 177 of 624: 28.365 %
H: 0.003330 C: 0.003358 V: 0.003344 JCC: 0.143259



~! 577 !~
Accuracy: 172 of 624: 27.564 %
H: 0.002677 C: 0.002703 V: 0.002690 JCC: 0.143174



~! 582 !~
Accuracy: 171 of 624: 27.404 %
H: 0.002172 C: 0.002216 V: 0.002193 JCC: 0.145470



~! 587 !~
Accuracy: 173 of 624: 27.724 %
H: 0.002265 C: 0.002274 V: 0.002270 JCC: 0.141609



~! 592 !~
Accuracy: 172 of 624: 27.564 %
H: 0.003237 C: 0.003248 V: 0.003243 JCC: 0.141909



~! 597 !~
Accuracy: 171 of 624: 27.404 %
H: 0.003287 C: 0.003287 V: 0.003287 JCC: 0.141207



~! 602 !~
Accuracy: 169 of 624: 27.083 %
H: 0.002306 C: 0.002313 V: 0.002309 JCC: 0.141491



~! 607 !~
Accuracy: 178 of 624: 28.526 %
H: 0.005887 C: 0.005963 V: 0.005925 JCC: 0.145292



~! 612 !~
Accuracy: 165 of 624: 26.442 %
H: 0.000972 C: 0.000975 V: 0.000974 JCC: 0.141064



~! 617 !~
Accuracy: 163 of 624: 26.122 %
H: 0.000757 C: 0.000760 V: 0.000758 JCC: 0.140836



~! 622 !~
Accuracy: 174 of 624: 27.885 %
H: 0.003131 C: 0.003158 V: 0.003145 JCC: 0.143206


INCREMENT: (622)
SubClusters: 624
Accuracy: 624 of 624: 100.000 %
H: 1.000000 C: 0.215388 V: 0.354434 JCC: 0.000000


Final
Accuracy: 174 of 624: 27.885 %
H: 0.003131 C: 0.003158 V: 0.003145 JCC: 0.143206

Rows are labels, Columns are Clusters

      0   1   2   3
  0  54  33  31  40
  1  49  33  38  36
  2  42  37  43  33
  3  53  33  32  37



Total Time: 19 h 22 m 11.809708 s




Solver:
net: "_TRAIN_NET.prototxt"
base_lr: 0.01
lr_policy: "inv"
gamma: 0.0001
power: 0.75
momentum: 0.9
max_iter: 10000
display: 1000
weight_decay: 0.000000
solver_mode: GPU
