./incDriver.py data/leaf_1000-images.csv -I -k 60 -i spectral -S 2 -T -v 1


Using: data/leaf_1000-images.csv (1000)  --  (24.368982 s)
Initial Clustering: spectral
Initial:  --  (19.262991 s)
Accuracy: 291 of 1000: 29.100 %
H: 0.457960 C: 0.516833 V: 0.485618 JCC: 0.039057

Rows are labels, Columns are Clusters

      0  1  2  3  4  5  6  7   8  9  10  11  12  13  14  15  16  17  18  19
   0  0  0  0  0  0  0  2  1   5  0   0   0   0   0   0   0   0   0   1   0
   1  1  0  0  0  0  4  0  0   7  0   0   0   0   0   0   0   0   5   0   0
   2  0  0  0  0  0  0  0  0   2  0   0   0   2   0   0   3   3   0   0   0
   3  0  0  0  0  0  0  0  0   2  0   0   0   0   0   0   0   0   0   0   0
   4  0  0  2  0  0  0  0  1   2  0   0   0   0   0   0   0   0   0   1   0
   5  0  1  0  0  0  0  0  0   0  0   0   0   0   0   3   0   0   0   0   0
   6  0  0  0  0  0  0  0  0   0  0   0   0   0   0   0   4   0   0   0   0
   7  0  0  0  0  0  0  0  0   9  0   0   0   0   0   1   0   0   0   0   0
   8  5  0  1  0  0  0  1  0   4  0   0   0   0   0   0   0   0   0   0   0
   9  0  0  0  0  0  0  0  0   2  1   0   0   2   0   0   0   0   0   0   0
  10  1  0  0  0  0  0  1  0   6  0   0   0   0   0   0   0   0   0   0   0
  11  0  1  1  0  1  0  0  0   3  0   0   0   0   0   1   0   0   0   0   0
  12  0  0  0  0  0  0  0  1   4  0   0   0   0   0   0   0   0   0   0   0
  13  0  0  0  0  0  0  0  1   5  0   0   0   0   0   0   0   0   0   0   0
  14  0  2  0  0  0  0  0  1   9  0   0   0   0   0   0   0   0   0   0   0
  15  0  0  0  0  0  0  0  0  12  0   0   0   0   0   0   0   0   0   0   0
  16  3  0  0  0  0  0  2  0   5  0   0   0   0   0   0   0   0   0   0   0
  17  0  1  1  0  3  0  1  1   6  0   0   0   1   0   0   0   0   0   0   0
  18  0  0  0  1  0  0  0  2   2  0   0   0   0   0   3   0   0   0   0   0
  19  0  0  1  1  0  0  0  1   5  0   0   0   0   0   0   0   0   0   1   0
  20  0  0  1  1  1  0  0  0   5  0   0   0   1   0   1   0   0   0   0   0
  21  0  0  0  0  0  0  0  0   0  0   0   0   0   0   0   0   0   0   0   0
  22  2  0  1  0  0  0  0  0   2  0   0   0   0   0   0   0   0   0   3   0
  23  0  0  1  0  0  2  0  0   3  0   0   2   0   0   0   0   1   6   0   0
  24  0  0  0  0  0  0  0  0   1  1   0   0   0   0   0   0   0   0   0   0
  25  0  0  0  0  0  0  0  0   1  0   0   0   0   0   0   0   0   0   0   0
  26  0  0  0  0  0  0  0  0   9  0   0   0   0   0   0   0   0   0   0   0
  27  0  0  0  0  0  3  0  0   5  0   0   0   0   0   0   0   0   2   0   0
  28  0  0  0  0  0  4  6  0   3  0   0   0   0   0   0   0   0   1   0   0
  29  0  0  0  0  0  2  0  1  11  0   0   0   0   0   0   0   0   0   0   0
  30  0  1  0  0  0  1  0  0   3  0   0   0   0   0   0   0   4   0   0   0
  31  3  0  0  0  0  0  0  0  11  0   0   0   0   0   0   0   0   0   0   0
  32  0  0  0  0  0  0  1  0  13  0   0   1   0   0   0   0   0   0   0   0
  33  0  0  0  0  0  0  0  0   4  0   0   0   0   0   2   0   2   0   0   0
  34  0  1  0  2  1  0  2  1   0  0   0   0   3   0   0   0   0   0   0   0
  35  0  0  0  0  0  0  0  0   3  5   1   0   0   0   0   0   0   0   0   2
  36  0  0  0  0  0  0  0  0   1  0   2   0   0   0   0   0   0   0   0   0
  37  0  0  0  0  0  0  0  0   0  0   2   0   0   0   0   0   0   0   0   0
  38  0  0  0  0  0  0  0  0   4  0   0   2   0   6   0   0   0   0   0   0
  39  0  0  0  0  1  0  0  0   5  0   0   0   0   0   0   0   0   0   0   0
  40  0  0  0  2  0  0  0  3   1  0   0   0   0   0   0   0   0   0   5   0
  41  3  0  0  0  0  0  0  1   0  0   0   0   2   0   0   0   0   0   0   0
  42  0  0  0  0  0  0  0  0   1  0   0   0   1   0   0   1   0   0   0   0
  43  0  0  1  0  0  0  0  0   2  0   0   0   0   0   0   0   0   0   0   0
  44  0  0  1  0  0  0  0  0   2  0   0   2   0   0   0   0   2   0   0   0
  45  0  0  2  0  0  0  0  0   1  0   0   1   0   0   0   0   1   0   2   0
  46  0  0  0  0  1  0  0  0   3  0   0   0   0   0   0   0   0   0   0   0
  47  0  0  1  0  0  0  0  2   0  0   0   0   1   0   0   0   0   0   0   0
  48  0  0  0  0  0  0  0  0  18  1   0   0   0   0   0   0   0   0   0   0
  49  1  0  3  0  0  0  0  1  21  0   0   0   0   0   0   0   0   0   0   0
  50  0  0  1  0  0  0  0  0   5  0   0   0   0   0   0   0   0   0   0   0
  51  0  0  1  0  0  0  0  0   5  0   0   0   0   0   0   0   0   0   0   0
  52  0  0  0  0  0  0  0  1   7  0   0   0   1   0   1   0   0   0   0   0
  53  0  2  0  0  0  0  0  0   7  0   0   0   1   0   0   0   0   0   0   0
  54  0  0  0  0  0  0  0  0   3  0   4   0   0   0   0   0   0   0   0   0
  55  0  4  0  0  0  0  0  0   3  0   0   0   3   0   0   0   0   0   0   0
  56  0  0  0  0  0  0  0  0   0  1   0   0   0   0   0   0   0   0   0   8
  57  0  0  0  0  0  0  0  0   0  0   2   0   0   0   0   0   0   0   0   0
  58  0  1  0  1  2  0  2  0   1  1   0   0   0   0   0   0   0   0   0   0
  59  0  0  0  0  0  0  0  0   2  0   0   0   0   0   0   0   0   1   0   0

      20  21  22  23  24  25  26  27  28  29  30  31  32  33  34  35  36  37  38  39
   0   0   2   0   0   0   0   1   1   0   0   0   0   0   0   0   4   0   0   0   1
   1   0   0   0   0   0   0   0   2   0   0   0   0   0   0   0   0   0   0   0   0
   2   0   0   0   0   0   0   1   0   0   1   0   0   0   1   0   0   0   0   0   4
   3   0   0   0   0   0   0   0   0   0   0   0   0   0   0   0   0   0   0   0   2
   4   0   0   0   0   4   0   0   0   0   0   0   0   0   0   0   0   0   0   0   0
   5   0   0   0   0   0   0   0   0   0   0   0   0   0   0   0   0   0   0   0   0
   6   0   0   0   0   0   0   0   0   0   0   0   0   0   0   0   0   0   0   0   0
   7   0   0   3   0   0   0   0   0   0   0   0   0   0   0   0   0   1   0   0   0
   8   0   0   0   0   0   0   0   0   0   0   0   0   4   0   0   0   0   0   0   0
   9   1   0   8   0   0   0   0   0   0   0   0   0   0   0   0   0   0   0   0   0
  10   0   0   0   0   0   0   0   0   0   0   0   0   0   0   0   0   0   0   0   0
  11   0   0   0   1   0   0   3   1   0   7   0   1   0   0   0   0   0   0   0   1
  12   0   0   0   1   0   4   0   1   0   0   0   0   0   0   2   0   0   0   0   0
  13   0   0   0   0   0   0   0   0   0   0   5   0   0   0   0   0   0   0   0   0
  14   0   0   0   0   0   0   1   0   0   0   0   0   0   0   0   0   1   0   0   0
  15   0   0   0   0   1   0   0   0   0   0   0   0   0   0   0   0   0   0   0   0
  16   0   0   0   1   0   3   0   1   1   0   0   0   0   0   0   0   0   0   0   0
  17   0   0   0   0   0   0   0   0   0   0   0   2   0   0   0   0   0   0   0   0
  18   0   0   0   0   0   0   0   1   0   0   0   0   0   0   0   1   0   0   0   0
  19   0   0   0   0   0   1   0   0   0   0   0   0   0   0   0   0   0   0   0   0
  20   0   0   0   0   0   0   0   0   0   0   0   0   0   0   0   0   0   0   1   0
  21   0   0   0   1   0   0   1   1   0   0   0   0   3   0   1   3   0   0   0   2
  22   0   0   0   1   0   3   0   0   0   0   0   0   0   0   0   0   0   0   0   0
  23   0   0   0   0   0   0   0   0   0   0   0   0   0   0   0   0   0   0   1   0
  24   0   0   0   0   0   0   0   0   0   0   0   0   0   0   0   0   0   2   0   0
  25   2   0   0   0   0   0   0   0   0   0   0   0   0   0   0   0   0   0   0   0
  26   0   0   0   0   0   0   1   0   0   0   0   0   0   0   0   0   0   0   5   0
  27   0   0   0   0   0   0   0   0   0   0   0   0   0   5   0   0   0   0   0   0
  28   0   0   0   0   0   0   0   0   0   1   0   0   0   0   0   0   0   0   0   0
  29   0   1   0   0   0   0   0   0   0   0   0   0   0   0   0   0   0   0   0   0
  30   0   6   0   0   0   0   0   0   0   3   0   1   0   2   0   0   0   0   1   0
  31   0   0   0   0   0   0   1   0   0   0   0   1   0   0   0   0   0   0   0   0
  32   0   0   0   0   0   0   2   0   0   0   0   1   0   0   0   0   0   0   0   0
  33   0   0   0   0   0   0   0   0   0   0   0   1   0   0   0   0   0   0   0   0
  34   0   0   0   1   0   0   0   0   2   0   0   0   0   0   0   0   0   0   0   0
  35   0   0   0   0   0   0   0   0   0   0   0   0   0   0   0   0   0   0   0   0
  36   2   0   0   0   0   0   0   0   0   0   0   0   0   0   0   0   0   0   0   0
  37   3   0   0   0   0   0   0   0   0   0   0   0   0   0   0   0   0   0   0   0
  38   0   0   0   0   0   0   0   0   3   0   0   1   3   0   0   0   0   0   0   0
  39   0   0   0   0   0   0   2   3   0   0   0   2   0   0   0   0   0   0   0   0
  40   0   0   0   1   0   0   0   0   0   0   0   2   0   0   0   0   0   0   0   0
  41   0   0   0   0   0   0   0   0   1   0   0   2   0   0   0   0   0   0   0   0
  42   1   0   0   0   0   0   5   0   0   0   0   0   0   0   0   0   0   2   0   0
  43   0   0   0   1   3   0   0   0   0   0   0   0   3   0   0   0   0   0   0   0
  44   0   0   0   0   0   0   1   0   0   0   0   1   1   0   6   0   0   0   0   0
  45   0   0   0   1   0   0   0   0   0   0   0   2   1   0   1   0   0   0   0   0
  46   0   0   0   5   0   0   0   1   0   0   0   0   0   0   0   0   0   0   0   0
  47   0   0   0   0   3   0   0   0   1   0   0   1   0   0   0   0   0   0   0   0
  48   0   0   0   0   0   0   0   0   0   0   0   0   0   0   0   0   0   0   0   0
  49   0   0   0   1   0   0   0   0   1   0   0   0   0   0   0   0   0   0   0   0
  50   0   0   0   0   0   0   0   0   0   0   0   0   1   0   0   0   0   0   0   0
  51   0   0   0   0   0   0   0   0   1   0   0   0   1   0   1   0   0   0   0   0
  52   0   0   0   1   0   0   0   0   0   0   4   0   0   1   0   0   0   0   0   3
  53   0   0   0   0   0   0   0   0   0   0   0   0   0   0   0   0   6   0   0   6
  54   2   0   0   0   0   0   0   0   0   0   0   0   0   0   0   0   0   0   0   0
  55   0   0   0   0   0   0   0   0   0   0   0   0   0   0   0   0   5   0   0   0
  56   0   0   0   0   0   0   0   0   0   0   0   0   0   0   0   0   0   6   0   0
  57   3   0   0   0   0   0   0   0   0   0   0   0   0   0   0   0   0   0   0   0
  58   0   0   0   0   0   0   2   0   0   1   0   0   0   0   0   3   0   0   0   1
  59   0   0   0   1   0   0   0   0   0   0   0   0   0   0   0   0   0   0   0   0

      40  41  42  43  44  45  46  47  48  49  50  51  52  53  54  55  56  57  58  59
   0   0   0   0   0   0   0   0   0   0   2   0   0   0   0   0   0   0   0   0   0
   1   0   0   0   0   1   0   0   0   0   0   0   0   0   0   0   0   0   0   0   0
   2   0   0   1   0   0   0   0   0   0   0   0   3   0   0   0   0   0   0   0   0
   3   0   0   0   0   0   0   0   0   0   0   0   0   0   0   0   0   0   0   0   0
   4   0   0   0   0   0   0   0   0   3   0   0   0   0   2   0   0   0   0   0   0
   5   0   0   0   0   1   0   0   0   0   0   0   0   0   0   0   0   0   0   0   0
   6   0   0   0   0   0   0   0   0   0   0   0   0   0   0   0   0   0   0   0   0
   7   0   0   0   0   0   0   0   0   0   0   2   0   0   0   0   0   0   0   0   0
   8   0   0   1   0   0   0   0   1   1   1   0   0   2   0   1   0   0   0   0   0
   9   0   0   0   0   0   0   1   0   0   0   0   0   0   0   0   0   0   0   0   0
  10   0   0   0   0   0   0   0   7   0   0   0   0   0   0   0   0   0   0   0   0
  11   0   0   0   0   1   0   0   0   0   0   0   0   0   0   0   0   2   0   0   0
  12   0   0   0   0   1   0   0   0   0   0   0   0   0   0   1   0   0   0   0   0
  13   0   0   0   0   1   0   0   0   0   0   0   0   0   0   0   0   0   0   0   4
  14   0   0   0   0   0   0   0   0   1   0   0   0   0   0   0   0   0   0   0   0
  15   0   0   0   0   0   0   0   1   0   1   0   0   0   0   0   0   0   0   0   0
  16   0   0   0   0   0   0   0   2   0   1   0   0   0   1   1   0   0   0   0   0
  17   0   0   1   0   1   0   2   1   0   0   6   1   0   0   0   0   0   0   0   0
  18   0   0   0   0   0   0   0   1   0   0   0   0   0   2   0   1   0   0   2   1
  19   0   0   2   1   0   0   0   0   0   0   0   0   0   0   0   0   0   0   2   0
  20   0   0   0   3   2   0   2   0   1   0   0   0   0   1   0   0   0   0   1   0
  21   0   0   0   0   0   0   0   0   2   0   0   0   0   0   0   0   1   0   0   0
  22   0   0   0   0   0   0   0   0   0   0   0   0   0   0   3   0   0   0   0   0
  23   0   0   0   0   0   0   0   0   0   0   0   2   0   0   0   0   0   0   0   0
  24   0   6   0   0   0   0   0   0   0   0   0   0   0   0   0   0   0   0   0   0
  25   0   2   0   0   0   0   0   0   0   0   0   0   0   0   0   0   0   0   0   0
  26   0   0   0   0   0   0   0   0   0   0   0   0   0   0   0   0   0   0   0   0
  27   0   0   0   0   0   0   0   0   0   0   0   0   0   0   0   0   0   0   0   0
  28   0   0   0   0   0   0   0   0   0   0   0   0   0   0   0   5   0   0   0   0
  29   0   0   0   0   0   0   0   0   0   0   0   0   0   0   0   0   0   0   0   0
  30   0   0   0   0   0   0   0   0   0   0   0   0   0   0   0   1   0   0   1   0
  31   0   0   0   0   0   0   0   0   0   0   0   0   0   0   0   0   0   0   0   0
  32   0   0   0   0   0   0   0   0   0   0   0   0   0   0   0   1   0   0   0   0
  33   0   0   0   0   0   0   1   0   0   0   1   0   0   0   0   0   0   0   0   0
  34   0   0   0   0   0   0   0   2   1   0   0   3   0   0   0   0   1   0   2   0
  35   4   0   0   0   0   5   0   0   0   0   0   0   0   0   0   0   0   0   0   0
  36   0   0   0   0   0   0   0   0   0   0   0   0   0   0   0   0   0   0   0   0
  37   0   0   0   0   0   0   0   0   0   0   0   0   0   0   0   0   0   0   0   0
  38   0   0   0   0   1   0   0   0   4   0   0   0   1   0   0   0   0   0   0   0
  39   0   0   0   0   0   0   0   0   0   0   0   2   0   0   0   0   5   0   1   0
  40   0   0   0   0   1   0   0   0   0   0   0   0   0   0   0   0   0   0   0   0
  41   0   0   0   1   0   0   0   0   5   1   0   1   0   0   0   0   3   0   0   0
  42   4   1   0   0   0   5   5   0   0   0   0   0   0   0   0   0   0   1   0   0
  43   0   0   0   0   0   0   0   0   2   1   0   0   2   0   0   0   0   0   0   0
  44   0   0   5   0   0   0   0   0   2   0   0   0   0   0   0   0   0   0   0   0
  45   0   0   0   0   0   0   0   0   1   1   0   0   1   0   0   0   0   0   0   0
  46   0   0   0   0   0   0   0   0   0   0   0   0   0   0   0   0   0   0   1   2
  47   0   0   1   0   2   0   0   2   1   0   0   0   0   0   0   0   0   0   0   0
  48   0   0   1   0   0   0   0   0   0   0   0   1   0   0   0   0   0   0   0   0
  49   0   0   0   0   0   0   0   0   0   2   0   0   0   0   0   0   0   0   0   1
  50   0   0   0   0   0   0   0   0   0   8   0   0   0   0   0   0   0   0   0   0
  51   0   0   3   0   0   0   0   0   0   0   0   0   0   0   1   0   0   0   1   0
  52   0   0   0   4   0   0   0   0   0   0   0   0   0   0   0   0   0   0   0   3
  53   0   0   0   0   0   0   0   0   0   0   0   0   0   0   0   0   0   0   0   0
  54   0   0   0   0   0   0   0   0   0   0   0   0   0   0   0   0   0   0   0   0
  55   0   0   0   0   0   0   0   0   0   0   0   0   0   0   0   0   0   0   0   0
  56   0   0   0   0   0   0   0   0   0   0   0   0   0   0   0   0   0   7   0   0
  57   0   0   0   0   0   0   0   0   0   0   0   0   0   0   0   0   0   0   0   0
  58   0   0   4   0   0   0   0   0   0   0   0   1   0   0   0   0   0   0   2   0
  59   0   0   0   0   0   0   0   1   2   2   0   0   5   0   0   0   1   0   0   0




Class: MergeINCREMENT
	RecursiveOPTICS
	MedoidSelector
	FarthestLabelFeedback
	OracleMatching
	Siamese


Siamese Setup:
	Batch Size: 10
	Output Size: 100
	Train Size: 100000

Testing INCREMENT
Subclustering:
Computing Distance
Running OPTICS: minPts = 5

Subcluster Breakdown:
	0: 14.570556 (19)
		0: 14.570556 -- 3.995712  (19)
	--> std: 3.995712 -- 0.000000

	1: 14.407815 (14)
		1: 14.407815 -- 4.554003  (14)
	--> std: 4.554003 -- 0.000000

	2: 17.514702 (19)
		2: 17.514702 -- 4.846996  (19)
	--> std: 4.846996 -- 0.000000

	3: 9.789003 (8)
		3: 9.789003 -- 3.942680  (8)
	--> std: 3.942680 -- 0.000000

	4: 9.530367 (10)
		4: 9.530367 -- 3.197960  (10)
	--> std: 3.197960 -- 0.000000

	5: 15.393017 (16)
		5: 15.393017 -- 5.176809  (16)
	--> std: 5.176809 -- 0.000000

	6: 12.229617 (18)
		6: 12.229617 -- 3.619488  (18)
	--> std: 3.619488 -- 0.000000

	7: 14.378165 (19)
		7: 14.378165 -- 4.004804  (19)
	--> std: 4.004804 -- 0.000000

	8: 18.672074 (256)
		8: 18.672074 -- 4.427529  (256)
	--> std: 4.427529 -- 0.000000

	9: 9.320386 (10)
		9: 9.320386 -- 4.993789  (10)
	--> std: 4.993789 -- 0.000000

	10: 7.168630 (11)
		10: 7.168630 -- 2.437902  (11)
	--> std: 2.437902 -- 0.000000

	11: 14.281938 (8)
		11: 14.281938 -- 5.462269  (8)
	--> std: 5.462269 -- 0.000000

	12: 10.327333 (18)
		12: 10.327333 -- 3.357351  (18)
	--> std: 3.357351 -- 0.000000

	13: 16.866928 (6)
		13: 16.866928 -- 7.927463  (6)
	--> std: 7.927463 -- 0.000000

	14: 10.483033 (12)
		14: 10.483033 -- 3.444821  (12)
	--> std: 3.444821 -- 0.000000

	15: 8.593649 (8)
		15: 8.593649 -- 4.586092  (8)
	--> std: 4.586092 -- 0.000000

	16: 10.565864 (13)
		16: 10.565864 -- 3.560895  (13)
	--> std: 3.560895 -- 0.000000

	17: 15.783508 (15)
		17: 15.783508 -- 4.388613  (15)
	--> std: 4.388613 -- 0.000000

	18: 17.973946 (13)
		18: 17.973946 -- 5.609609  (13)
	--> std: 5.609609 -- 0.000000

	19: 5.041959 (10)
		19: 5.041959 -- 1.962650  (10)
	--> std: 1.962650 -- 0.000000

	20: 6.292038 (14)
		20: 6.292038 -- 1.811819  (14)
	--> std: 1.811819 -- 0.000000

	21: 14.443706 (9)
		21: 14.443706 -- 5.430025  (9)
	--> std: 5.430025 -- 0.000000

	22: 11.696557 (11)
		22: 11.696557 -- 3.856018  (11)
	--> std: 3.856018 -- 0.000000

	23: 14.008014 (17)
		23: 14.008014 -- 3.851381  (17)
	--> std: 3.851381 -- 0.000000

	24: 17.633014 (11)
		24: 17.633014 -- 6.153940  (11)
	--> std: 6.153940 -- 0.000000

	25: 15.645035 (11)
		25: 15.645035 -- 5.158124  (11)
	--> std: 5.158124 -- 0.000000

	26: 11.825755 (21)
		26: 11.825755 -- 4.074361  (21)
	--> std: 4.074361 -- 0.000000

	27: 12.154969 (12)
		27: 12.154969 -- 3.811402  (12)
	--> std: 3.811402 -- 0.000000

	28: 15.802611 (10)
		28: 15.802611 -- 5.973889  (10)
	--> std: 5.973889 -- 0.000000

	29: 11.640103 (13)
		29: 11.640103 -- 3.968236  (13)
	--> std: 3.968236 -- 0.000000

	30: 16.455937 (9)
		30: 16.455937 -- 5.980179  (9)
	--> std: 5.980179 -- 0.000000

	31: 11.142744 (18)
		31: 11.142744 -- 3.014097  (18)
	--> std: 3.014097 -- 0.000000

	32: 17.092327 (17)
		32: 17.092327 -- 4.915191  (17)
	--> std: 4.915191 -- 0.000000

	33: 15.277208 (9)
		33: 15.277208 -- 5.473782  (9)
	--> std: 5.473782 -- 0.000000

	34: 15.103849 (11)
		34: 15.103849 -- 4.884827  (11)
	--> std: 4.884827 -- 0.000000

	35: 17.975205 (11)
		35: 17.975205 -- 5.887193  (11)
	--> std: 5.887193 -- 0.000000

	36: 15.143954 (13)
		36: 15.143954 -- 4.728452  (13)
	--> std: 4.728452 -- 0.000000

	37: 4.388527 (10)
		37: 4.388527 -- 1.808598  (10)
	--> std: 1.808598 -- 0.000000

	38: 12.459352 (8)
		38: 12.459352 -- 4.729765  (8)
	--> std: 4.729765 -- 0.000000

	39: 9.793707 (20)
		39: 9.793707 -- 2.533397  (20)
	--> std: 2.533397 -- 0.000000

	40: 5.966303 (8)
		40: 5.966303 -- 2.393104  (8)
	--> std: 2.393104 -- 0.000000

	41: 6.615403 (9)
		41: 6.615403 -- 2.350633  (9)
	--> std: 2.350633 -- 0.000000

	42: 15.481957 (19)
		42: 15.481957 -- 4.194224  (19)
	--> std: 4.194224 -- 0.000000

	43: 10.480733 (9)
		43: 10.480733 -- 3.727555  (9)
	--> std: 3.727555 -- 0.000000

	44: 12.974862 (12)
		44: 12.974862 -- 4.315433  (12)
	--> std: 4.315433 -- 0.000000

	45: 5.674663 (10)
		45: 5.674663 -- 1.905340  (10)
	--> std: 1.905340 -- 0.000000

	46: 9.511556 (11)
		46: 9.511556 -- 3.621582  (11)
	--> std: 3.621582 -- 0.000000

	47: 16.111547 (18)
		47: 16.111547 -- 5.694709  (18)
	--> std: 5.694709 -- 0.000000

	48: 14.949373 (26)
		48: 14.949373 -- 3.669442  (26)
	--> std: 3.669442 -- 0.000000

	49: 20.766042 (20)
		49: 20.766042 -- 5.337926  (20)
	--> std: 5.337926 -- 0.000000

	50: 10.551875 (9)
		50: 10.551875 -- 3.889217  (9)
	--> std: 3.889217 -- 0.000000

	51: 8.907440 (14)
		51: 8.907440 -- 2.610287  (14)
	--> std: 2.610287 -- 0.000000

	52: 19.612315 (11)
		52: 19.612315 -- 6.364927  (11)
	--> std: 6.364927 -- 0.000000

	53: 12.278827 (6)
		53: 12.278827 -- 5.495700  (6)
	--> std: 5.495700 -- 0.000000

	54: 13.946073 (7)
		54: 13.946073 -- 5.768847  (7)
	--> std: 5.768847 -- 0.000000

	55: 16.414722 (8)
		55: 16.414722 -- 6.470089  (8)
	--> std: 6.470089 -- 0.000000

	56: 11.516610 (13)
		56: 11.516610 -- 3.356189  (13)
	--> std: 3.356189 -- 0.000000

	57: 4.068097 (8)
		57: 4.068097 -- 1.742714  (8)
	--> std: 1.742714 -- 0.000000

	58: 11.676984 (13)
		58: 11.676984 -- 4.172113  (13)
	--> std: 4.172113 -- 0.000000

	59: 13.080112 (11)
		59: 13.080112 -- 4.269676  (11)
	--> std: 4.269676 -- 0.000000

	Avg: 12.657543 -- 3.938786 
	Std: 4.248197 -- 1.324883 

Subclusters Formed: 60

Selecting Representatives:
Representatives:
[5, 1, 1, 0, 0, 4, 4, 3, 67, 3, 2, 1, 2, 5, 0, 2, 5, 1, 4, 1, 2, 4, 4, 0, 1, 3, 9, 3, 1, 8, 2, 3, 5, 5, 2, 1, 4, 4, 0, 3, 1, 1, 1, 4, 0, 8, 2, 1, 5, 2, 4, 5, 1, 1, 3, 1, 2, 1, 3, 4]


Generating Feedback:
Farthest First
Computing pairwise distances between representatives.
Beginning Queries
Feedback: 2
	{'37': [10]}
	{'11': [18]}
Number of Queries: 2

Merging Subclusters:
Generating Data

Train All

Merged Feedback:
	[[18], [10]] 2

Connot Link Subcluster Constraints:
	[set([1]), set([0])] 2

Test All

Creating files for: _deploy
Train_data: (24, 3, 64, 64)
Data: (1000, 3, 64, 64)
Creating files for: _train
Network:
layer {
  name: "data"
  type: "HDF5Data"
  top: "data"
  top: "labels"
  hdf5_data_param {
    source: "_train.txt"
    batch_size: 10
    shuffle: true
  }
}
layer {
  name: "ip1"
  type: "InnerProduct"
  bottom: "data"
  top: "ip1"
  param {
    name: "ip1_w"
    lr_mult: 1
  }
  param {
    name: "ip1_b"
    lr_mult: 2
  }
  inner_product_param {
    num_output: 500
    weight_filler {
      type: "xavier"
    }
    bias_filler {
      type: "gaussian"
      std: 0.1
    }
  }
}
layer {
  name: "s1"
  type: "Sigmoid"
  bottom: "ip1"
  top: "ip1"
}
layer {
  name: "ip2"
  type: "InnerProduct"
  bottom: "ip1"
  top: "ip2"
  param {
    name: "ip2_w"
    lr_mult: 1
  }
  param {
    name: "ip2_b"
    lr_mult: 2
  }
  inner_product_param {
    num_output: 250
    weight_filler {
      type: "xavier"
    }
    bias_filler {
      type: "constant"
    }
  }
}
layer {
  name: "s2"
  type: "Sigmoid"
  bottom: "ip2"
  top: "ip2"
}
layer {
  name: "feat"
  type: "InnerProduct"
  bottom: "ip2"
  top: "feat"
  param {
    name: "feat_w"
    lr_mult: 1
  }
  param {
    name: "feat_b"
    lr_mult: 2
  }
  inner_product_param {
    num_output: 100
    weight_filler {
      type: "xavier"
    }
    bias_filler {
      type: "constant"
    }
  }
}
layer {
  name: "loss"
  type: "WrapperContrastiveLoss"
  bottom: "feat"
  bottom: "labels"
  top: "loss"
  contrastive_loss_param {
    margin: 1
  }
}


Training siamese network
data (1000, 3, 64, 64)
targets: (1000,)
K: 2
Reclustering

~! 2 !~
Accuracy: 58 of 1000: 5.800 %
H: 0.074616 C: 0.465334 V: 0.128609 JCC: 0.024261



~! 4 !~
Accuracy: 75 of 1000: 7.500 %
H: 0.134314 C: 0.397733 V: 0.200813 JCC: 0.031078



~! 6 !~
Accuracy: 78 of 1000: 7.800 %
H: 0.143972 C: 0.341887 V: 0.202619 JCC: 0.030936



~! 8 !~
Accuracy: 93 of 1000: 9.300 %
H: 0.175738 C: 0.348421 V: 0.233634 JCC: 0.034754



~! 10 !~
Accuracy: 90 of 1000: 9.000 %
H: 0.178590 C: 0.342874 V: 0.234854 JCC: 0.033489



~! 12 !~
Accuracy: 107 of 1000: 10.700 %
H: 0.229308 C: 0.384286 V: 0.287225 JCC: 0.040744



~! 14 !~
Accuracy: 135 of 1000: 13.500 %
H: 0.241890 C: 0.391979 V: 0.299165 JCC: 0.041669



~! 16 !~
Accuracy: 157 of 1000: 15.700 %
H: 0.260135 C: 0.399842 V: 0.315201 JCC: 0.045191



~! 18 !~
Accuracy: 105 of 1000: 10.500 %
H: 0.185864 C: 0.348169 V: 0.242352 JCC: 0.024199



~! 20 !~
Accuracy: 140 of 1000: 14.000 %
H: 0.266496 C: 0.407485 V: 0.322244 JCC: 0.045308



~! 22 !~
Accuracy: 152 of 1000: 15.200 %
H: 0.297830 C: 0.424397 V: 0.350023 JCC: 0.052090



~! 24 !~
Accuracy: 170 of 1000: 17.000 %
H: 0.325862 C: 0.436453 V: 0.373135 JCC: 0.052148



~! 26 !~
Accuracy: 137 of 1000: 13.700 %
H: 0.255135 C: 0.395175 V: 0.310077 JCC: 0.031377



~! 28 !~
Accuracy: 184 of 1000: 18.400 %
H: 0.332434 C: 0.438513 V: 0.378176 JCC: 0.052930



~! 30 !~
Accuracy: 161 of 1000: 16.100 %
H: 0.288641 C: 0.409739 V: 0.338691 JCC: 0.037663



~! 32 !~
Accuracy: 163 of 1000: 16.300 %
H: 0.290474 C: 0.410147 V: 0.340090 JCC: 0.039152



~! 34 !~
Accuracy: 177 of 1000: 17.700 %
H: 0.332838 C: 0.431729 V: 0.375888 JCC: 0.051278



~! 36 !~
Accuracy: 167 of 1000: 16.700 %
H: 0.317616 C: 0.424181 V: 0.363244 JCC: 0.048727



~! 38 !~
Accuracy: 164 of 1000: 16.400 %
H: 0.304443 C: 0.413807 V: 0.350799 JCC: 0.043613



~! 40 !~
Accuracy: 180 of 1000: 18.000 %
H: 0.348627 C: 0.458639 V: 0.396137 JCC: 0.052897



~! 42 !~
Accuracy: 175 of 1000: 17.500 %
H: 0.346287 C: 0.440003 V: 0.387560 JCC: 0.051939



~! 44 !~
Accuracy: 166 of 1000: 16.600 %
H: 0.335335 C: 0.436060 V: 0.379121 JCC: 0.051137



~! 46 !~
Accuracy: 188 of 1000: 18.800 %
H: 0.368299 C: 0.465264 V: 0.411142 JCC: 0.058949



~! 48 !~
Accuracy: 180 of 1000: 18.000 %
H: 0.369354 C: 0.454596 V: 0.407566 JCC: 0.056867



~! 50 !~
Accuracy: 181 of 1000: 18.100 %
H: 0.371633 C: 0.456172 V: 0.409585 JCC: 0.057614



~! 52 !~
Accuracy: 174 of 1000: 17.400 %
H: 0.369847 C: 0.456769 V: 0.408738 JCC: 0.058558



~! 54 !~
Accuracy: 187 of 1000: 18.700 %
H: 0.380476 C: 0.458639 V: 0.415917 JCC: 0.060176



~! 56 !~
Accuracy: 192 of 1000: 19.200 %
H: 0.376680 C: 0.452990 V: 0.411326 JCC: 0.058264



~! 58 !~
Accuracy: 196 of 1000: 19.600 %
H: 0.386644 C: 0.452713 V: 0.417078 JCC: 0.055397


INCREMENT: (58)
SubClusters: 60
Accuracy: 291 of 1000: 29.100 %
H: 0.457960 C: 0.516833 V: 0.485618 JCC: 0.039057


Final
Accuracy: 196 of 1000: 19.600 %
H: 0.386644 C: 0.452713 V: 0.417078 JCC: 0.055397

Rows are labels, Columns are Clusters

       0  1  2  3  4  5  6  7  8  9  10  11  12  13  14  15  16  17  18  19
   0   0  0  0  1  0  0  0  0  0  1   1   1   0   5   0   2   0   0   0   2
   1   0  0  0  0  0  2  0  1  0  2   3   1   0   0   1   1   8   0   0   1
   2   0  0  0  0  1  0  0  0  0  0   1   1   2   0   0   1   1   0   0   2
   3   0  0  0  4  0  0  1  0  1  0   1   0   0   1   4   1   1   2   0   0
   4   0  0  0  1  0  0  0  0  1  0   0   0   0   0   0   0   0   0   0   0
   5   0  0  0  0  0  0  0  0  0  1   1   0   1   0   0   0   0   0   2   0
   6   0  4  0  0  0  0  0  0  0  0   0   0   0   0   0   0   0   1   0   0
   7   0  0  0  0  0  0  0  0  0  0   0   0   0   0   0   0   0   0   0   0
   8   0  0  0  0  0  0  0  0  9  0   0   0   0   0   0   0   0   0   0   0
   9   0  0  0  0  0  0  0  0  5  0   0   0   0   0   0   0   0   0   0   0
  10   0  1  0  0  0  0  0  0  0  0   0   6   0   0   0   1   0   0   0   0
  11   0  2  0  2  0  3  2  0  0  0   0   0   0   0   1   0   0   0   0   1
  12   0  1  0  0  0  0  0  4  0  0   3   0   0   0   1   0   0   0   1   1
  13   0  3  0  0  0  2  0  2  0  0   0   0   0   0   0   0   0   0   2   0
  14   0  0  0  0  1  0  0  0  0  1   0   5   0   0   1   0   4   0   1   0
  15   0  0  0  0  0  0  0  0  0  0   0   1   0   0   0   0  10   0   2   0
  16   0  1  1  0  0  0  0  4  0  1   2   0   1   0   0   5   0   0   1   1
  17   0  3  0  1  0  4  0  0  0  0   1   1   0   0   1   0   0   2   0   0
  18   0  2  0  0  0  1  1  0  0  0   0   0   0   0   0   1   0   2   0   0
  19   0  1  0  0  0  0  2  2  0  1   2   1   0   0   0   0   1   2   0   1
  20   0  1  0  0  3  2  1  0  0  0   0   0   1   1   1   0   0   1   0   1
  21   0  0  0  3  0  0  0  0  0  0   0   0   0   0   0   0   0   0   1   0
  22   0  0  2  0  0  0  0  3  0  0   2   0   0   0   0   1   1   0   0   2
  23   0  0  1  0  2  0  1  0  0  0   2   0   4   0   0   0   0   0   0   0
  24   3  0  0  0  0  0  0  0  1  0   0   0   0   0   0   0   0   0   0   0
  25   0  0  0  0  0  0  0  0  5  0   0   0   0   0   0   0   0   0   0   0
  26   0  0  0  0  6  1  1  0  0  0   1   0   0   0   0   0   0   0   0   0
  27   0  0  0  0  0  0  0  0  0  0   2   0   0   4   0   0   1   0   0   0
  28   0  0  0  0  2  0  0  0  0  0   0   0   0   5   0   7   1   0   0   0
  29   0  0  1  0  0  0  0  0  0  0   3   2   1   0   0   0   5   0   0   0
  30   0  0  0  0  1  0  1  0  0  0   0   0   1   8   0   0   0   5   0   0
  31   0  0  0  0  0  0  0  0  1  0   2   2   0   0   1   2   3   1   1   0
  32   0  0  0  0  0  2  0  0  0  0   3   3   1   0   0   1   2   0   0   0
  33   0  0  0  0  1  1  2  0  0  0   0   0   0   0   0   1   0   4   0   0
  34   0  0  0  3  0  1  4  0  0  1   1   0   0   0   0   0   0   0   1   2
  35   5  0  0  2  0  0  0  0  4  0   0   0   0   0   7   0   0   0   0   0
  36   0  0  0  0  0  0  0  0  5  0   0   0   0   0   0   0   0   0   0   0
  37   0  0  0  0  0  0  0  0  0  3   1   0   1   0   0   0   1   0   2   2
  38   0  0  1  0  0  1  2  0  0  1   0   0  10   0   0   0   0   1   2   0
  39   0  0  0  1  1  2  2  0  0  0   0   0   0   0   2   0   0   0   0   4
  40   0  0  0  0  0  0  1  1  0  0   0   1   0   0   0   0   0   1   1   0
  41   0  0  0  3  0  1  1  0  0  0   0   0   0   0   0   1   0   0   2   3
  42   9  0  0  0  0  0  0  0  2  0   0   0   0   0   0   0   0   0   0   0
  43   0  0  2  0  0  0  0  0  0  0   0   1   0   0   0   0   1   0   2   0
  44   0  0  2  0  0  0  0  0  0  0   0   0   4   0   0   0   2   0   2   0
  45   0  0  2  0  0  0  0  0  0  0   1   0   3   0   0   0   0   2   0   0
  46   0  2  0  0  0  1  0  0  0  0   0   0   0   0   0   0   0   0   0   2
  47   0  0  0  0  0  0  0  0  0  1   0   0   0   0   0   0   0   0   2   2
  48   1  0  0  0  0  0  0  0  0  0   1   1   0   0   1   0   8   0   0   0
  49   0  1  0  4  0  0  0  0  0  2   0   0   0   0   0   0   0   1   0   0
  50   0  0  7  0  0  0  0  0  0  0   0   0   1   0   0   0   0   0   0   1
  51   0  1  0  0  1  1  1  0  0  0   0   0   0   0   1   6   0   2   0   0
  52   1  3  0  5  0  0  0  0  0  1   4   0   0   1   0   0   1   1   2   0
  53   0  1  0  9  0  0  0  0  0  0   0   2   0   0   3   0   0   2   0   0
  54   1  0  0  0  0  0  0  0  2  0   0   2   0   0   8   0   0   1   0   0
  55   0  1  0  4  0  0  0  0  0  1   0   0   0   1   1   0   0   0   0   0
  56  16  0  0  0  0  0  0  0  0  0   0   0   0   0   0   0   0   0   0   0
  57   0  0  0  0  0  0  0  0  5  0   0   0   0   0   0   0   0   0   0   0
  58   0  0  3  1  0  0  0  1  0  1   0   0   1   0   0   5   1   0   2   0
  59   0  0  0  0  0  0  1  0  0  1   0   0   1   0   0   0   3   0   0   0

      20  21  22  23  24  25  26  27  28  29  30  31
   0   1   0   3   0   1   0   0   0   0   2   0   0
   1   2   0   2   1   3   0   0   0   0   1   2   0
   2   1   0   0   0   1   0   0   6   0   1   1   1
   3   0   1   0   0   0   0   3   0   0   0   0   1
   4   0   0   0   0   0   0   2   0   0   0   0   0
   5   0   0   1   2   0   1   0   0   1   1   4   0
   6   0   0   0   0   0   0   0   0   0   0   0   0
   7   0   0   0   0   0   0   4   0   0   0   0   0
   8   0   0   0   0   0   0   0   0   0   0   0   0
   9   0   0   0   0   0   0   0   0   0   0   0   0
  10   5   1   1   0   0   0   0   0   0   0   0   0
  11   1   2   0   2   0   0   0   0   0   0   1   7
  12   0   0   0   0   3   0   0   0   0   1   0   0
  13   0   0   2   1   2   0   0   0   0   2   0   0
  14   1   0   1   0   0   0   0   0   0   0   0   0
  15   0   0   1   0   1   0   0   0   0   0   0   0
  16   0   0   2   0   1   0   0   0   0   0   1   0
  17   0   0   0   0   3   0   0   0   0   0   0   0
  18   2   0   0   1   2   0   0   0   0   0   5   0
  19   0   0   0   0   1   0   0   0   0   0   0   1
  20   0   1   0   0   2   0   0   0   3   1   2   0
  21   0   0   0   4   0   3   0   0   1   3   0   0
  22   0   0   1   0   0   0   0   0   0   1   2   0
  23   0   1   0   0   0   0   0   5   0   1   1   0
  24   0   0   0   0   0   0   6   0   0   0   0   0
  25   0   0   0   0   0   0   0   0   0   0   0   0
  26   1   0   0   0   2   0   0   0   0   2   0   1
  27   0   0   0   1   1   0   1   5   0   0   0   0
  28   0   0   0   0   0   0   0   3   0   0   1   1
  29   1   0   1   0   1   0   0   0   0   0   0   0
  30   2   1   0   0   0   0   0   1   0   0   0   4
  31   1   0   0   0   2   0   0   0   0   0   0   0
  32   4   0   0   0   2   0   0   0   0   1   0   0
  33   0   0   0   0   1   0   0   0   0   0   0   1
  34   0   6   0   1   0   0   0   0   1   1   0   0
  35   0   0   0   0   0   0   7   0   0   0   0   2
  36   0   0   0   0   0   0   0   0   0   0   0   0
  37   0   0   0   0   0   1   0   0   2   0   1   0
  38   0   1   0   0   1   1   0   0   2   0   0   0
  39   0   3   0   5   0   0   0   0   0   0   0   1
  40   1   0   2   0   3   0   0   0   1   1   2   0
  41   0   1   0   3   0   1   0   0   4   0   0   0
  42   0   0   0   0   0   0   9   0   0   0   0   0
  43   1   0   1   0   0   4   0   0   2   1   0   0
  44   0   0   7   3   0   3   0   0   2   0   0   0
  45   2   0   2   1   0   0   0   0   1   1   0   0
  46   0   1   0   0   0   0   0   0   0   5   1   1
  47   0   0   1   2   0   2   0   0   3   1   1   0
  48   2   1   0   0   3   1   0   0   1   0   0   1
  49   0   5   0   0   0   0   1   0   0   4   1   3
  50   0   0   2   3   1   0   0   0   0   0   0   0
  51   0   3   0   1   2   0   0   1   1   1   4   2
  52   1   1   0   0   3   0   0   0   0   1   0   1
  53   1   0   0   0   0   0   0   0   0   1   0   3
  54   0   0   0   0   0   0   0   0   0   0   0   1
  55   1   0   0   0   0   0   0   0   0   4   0   2
  56   0   0   0   0   0   0   6   0   0   0   0   0
  57   0   0   0   0   0   0   0   0   0   0   0   0
  58   1   0   1   0   0   4   0   0   0   0   1   0
  59   0   0   7   0   1   1   0   0   0   0   0   0



Total Time: 4 h 17 m 22.198089 s




Solver:
net: "_TRAIN_NET.prototxt"
base_lr: 0.01
lr_policy: "inv"
gamma: 0.0001
power: 0.75
momentum: 0.9
max_iter: 10000
display: 1000
weight_decay: 0.000000
solver_mode: GPU
