./incDriver.py data/faces-poses.csv -I -i active -S 5 -T -v 1


Using: data/faces-poses.csv (624)  --  (1.464240 s)
Initial Clustering: active
Initial:  --  (0.575128 s)
Accuracy: 624 of 624: 100.000 %
H: 1.000000 C: 0.215391 V: 0.354439 JCC: 0.000000

Rows are labels, Columns are Clusters

     0  1  2  3  4  5  6  7  8  9  10  11  12  13  14  15  16  17  18  19
  0  1  1  1  1  1  1  1  1  1  1   1   1   1   1   1   1   1   1   1   1
  1  0  0  0  0  0  0  0  0  0  0   0   0   0   0   0   0   0   0   0   0
  2  0  0  0  0  0  0  0  0  0  0   0   0   0   0   0   0   0   0   0   0
  3  0  0  0  0  0  0  0  0  0  0   0   0   0   0   0   0   0   0   0   0

     20  21  22  23  24  25  26  27  28  29  30  31  32  33  34  35  36  37  38  39
  0   1   1   1   1   1   1   1   1   1   1   1   1   1   1   1   1   1   1   1   1
  1   0   0   0   0   0   0   0   0   0   0   0   0   0   0   0   0   0   0   0   0
  2   0   0   0   0   0   0   0   0   0   0   0   0   0   0   0   0   0   0   0   0
  3   0   0   0   0   0   0   0   0   0   0   0   0   0   0   0   0   0   0   0   0

     40  41  42  43  44  45  46  47  48  49  50  51  52  53  54  55  56  57  58  59
  0   1   1   1   1   1   1   1   1   1   1   1   1   1   1   1   1   1   1   1   1
  1   0   0   0   0   0   0   0   0   0   0   0   0   0   0   0   0   0   0   0   0
  2   0   0   0   0   0   0   0   0   0   0   0   0   0   0   0   0   0   0   0   0
  3   0   0   0   0   0   0   0   0   0   0   0   0   0   0   0   0   0   0   0   0

     60  61  62  63  64  65  66  67  68  69  70  71  72  73  74  75  76  77  78  79
  0   1   1   1   1   1   1   1   1   1   1   1   1   1   1   1   1   1   1   1   1
  1   0   0   0   0   0   0   0   0   0   0   0   0   0   0   0   0   0   0   0   0
  2   0   0   0   0   0   0   0   0   0   0   0   0   0   0   0   0   0   0   0   0
  3   0   0   0   0   0   0   0   0   0   0   0   0   0   0   0   0   0   0   0   0

     80  81  82  83  84  85  86  87  88  89  90  91  92  93  94  95  96  97  98  99
  0   1   1   1   1   1   1   1   1   1   1   1   1   1   1   1   1   1   1   1   1
  1   0   0   0   0   0   0   0   0   0   0   0   0   0   0   0   0   0   0   0   0
  2   0   0   0   0   0   0   0   0   0   0   0   0   0   0   0   0   0   0   0   0
  3   0   0   0   0   0   0   0   0   0   0   0   0   0   0   0   0   0   0   0   0

     100  101  102  103  104  105  106  107  108  109  110  111  112  113  114  115  116  117  118  119
  0    1    1    1    1    1    1    1    1    1    1    1    1    1    1    1    1    1    1    1    1
  1    0    0    0    0    0    0    0    0    0    0    0    0    0    0    0    0    0    0    0    0
  2    0    0    0    0    0    0    0    0    0    0    0    0    0    0    0    0    0    0    0    0
  3    0    0    0    0    0    0    0    0    0    0    0    0    0    0    0    0    0    0    0    0

     120  121  122  123  124  125  126  127  128  129  130  131  132  133  134  135  136  137  138  139
  0    1    1    1    1    1    1    1    1    1    1    1    1    1    1    1    1    1    1    1    1
  1    0    0    0    0    0    0    0    0    0    0    0    0    0    0    0    0    0    0    0    0
  2    0    0    0    0    0    0    0    0    0    0    0    0    0    0    0    0    0    0    0    0
  3    0    0    0    0    0    0    0    0    0    0    0    0    0    0    0    0    0    0    0    0

     140  141  142  143  144  145  146  147  148  149  150  151  152  153  154  155  156  157  158  159
  0    1    1    1    1    1    1    1    1    1    1    1    1    1    1    1    1    0    0    0    0
  1    0    0    0    0    0    0    0    0    0    0    0    0    0    0    0    0    0    0    0    0
  2    0    0    0    0    0    0    0    0    0    0    0    0    0    0    0    0    0    0    0    0
  3    0    0    0    0    0    0    0    0    0    0    0    0    0    0    0    0    1    1    1    1

     160  161  162  163  164  165  166  167  168  169  170  171  172  173  174  175  176  177  178  179
  0    0    0    0    0    0    0    0    0    0    0    0    0    0    0    0    0    0    0    0    0
  1    0    0    0    0    0    0    0    0    0    0    0    0    0    0    0    0    0    0    0    0
  2    0    0    0    0    0    0    0    0    0    0    0    0    0    0    0    0    0    0    0    0
  3    1    1    1    1    1    1    1    1    1    1    1    1    1    1    1    1    1    1    1    1

     180  181  182  183  184  185  186  187  188  189  190  191  192  193  194  195  196  197  198  199
  0    0    0    0    0    0    0    0    0    0    0    0    0    0    0    0    0    0    0    0    0
  1    0    0    0    0    0    0    0    0    0    0    0    0    0    0    0    0    0    0    0    0
  2    0    0    0    0    0    0    0    0    0    0    0    0    0    0    0    0    0    0    0    0
  3    1    1    1    1    1    1    1    1    1    1    1    1    1    1    1    1    1    1    1    1

     200  201  202  203  204  205  206  207  208  209  210  211  212  213  214  215  216  217  218  219
  0    0    0    0    0    0    0    0    0    0    0    0    0    0    0    0    0    0    0    0    0
  1    0    0    0    0    0    0    0    0    0    0    0    0    0    0    0    0    0    0    0    0
  2    0    0    0    0    0    0    0    0    0    0    0    0    0    0    0    0    0    0    0    0
  3    1    1    1    1    1    1    1    1    1    1    1    1    1    1    1    1    1    1    1    1

     220  221  222  223  224  225  226  227  228  229  230  231  232  233  234  235  236  237  238  239
  0    0    0    0    0    0    0    0    0    0    0    0    0    0    0    0    0    0    0    0    0
  1    0    0    0    0    0    0    0    0    0    0    0    0    0    0    0    0    0    0    0    0
  2    0    0    0    0    0    0    0    0    0    0    0    0    0    0    0    0    0    0    0    0
  3    1    1    1    1    1    1    1    1    1    1    1    1    1    1    1    1    1    1    1    1

     240  241  242  243  244  245  246  247  248  249  250  251  252  253  254  255  256  257  258  259
  0    0    0    0    0    0    0    0    0    0    0    0    0    0    0    0    0    0    0    0    0
  1    0    0    0    0    0    0    0    0    0    0    0    0    0    0    0    0    0    0    0    0
  2    0    0    0    0    0    0    0    0    0    0    0    0    0    0    0    0    0    0    0    0
  3    1    1    1    1    1    1    1    1    1    1    1    1    1    1    1    1    1    1    1    1

     260  261  262  263  264  265  266  267  268  269  270  271  272  273  274  275  276  277  278  279
  0    0    0    0    0    0    0    0    0    0    0    0    0    0    0    0    0    0    0    0    0
  1    0    0    0    0    0    0    0    0    0    0    0    0    0    0    0    0    0    0    0    0
  2    0    0    0    0    0    0    0    0    0    0    0    0    0    0    0    0    0    0    0    0
  3    1    1    1    1    1    1    1    1    1    1    1    1    1    1    1    1    1    1    1    1

     280  281  282  283  284  285  286  287  288  289  290  291  292  293  294  295  296  297  298  299
  0    0    0    0    0    0    0    0    0    0    0    0    0    0    0    0    0    0    0    0    0
  1    0    0    0    0    0    0    0    0    0    0    0    0    0    0    0    0    0    0    0    0
  2    0    0    0    0    0    0    0    0    0    0    0    0    0    0    0    0    0    0    0    0
  3    1    1    1    1    1    1    1    1    1    1    1    1    1    1    1    1    1    1    1    1

     300  301  302  303  304  305  306  307  308  309  310  311  312  313  314  315  316  317  318  319
  0    0    0    0    0    0    0    0    0    0    0    0    0    0    0    0    0    0    0    0    0
  1    0    0    0    0    0    0    0    0    0    0    0    0    0    1    1    1    1    1    1    1
  2    0    0    0    0    0    0    0    0    0    0    0    0    0    0    0    0    0    0    0    0
  3    1    1    1    1    1    1    1    1    1    1    1    1    1    0    0    0    0    0    0    0

     320  321  322  323  324  325  326  327  328  329  330  331  332  333  334  335  336  337  338  339
  0    0    0    0    0    0    0    0    0    0    0    0    0    0    0    0    0    0    0    0    0
  1    1    1    1    1    1    1    1    1    1    1    1    1    1    1    1    1    1    1    1    1
  2    0    0    0    0    0    0    0    0    0    0    0    0    0    0    0    0    0    0    0    0
  3    0    0    0    0    0    0    0    0    0    0    0    0    0    0    0    0    0    0    0    0

     340  341  342  343  344  345  346  347  348  349  350  351  352  353  354  355  356  357  358  359
  0    0    0    0    0    0    0    0    0    0    0    0    0    0    0    0    0    0    0    0    0
  1    1    1    1    1    1    1    1    1    1    1    1    1    1    1    1    1    1    1    1    1
  2    0    0    0    0    0    0    0    0    0    0    0    0    0    0    0    0    0    0    0    0
  3    0    0    0    0    0    0    0    0    0    0    0    0    0    0    0    0    0    0    0    0

     360  361  362  363  364  365  366  367  368  369  370  371  372  373  374  375  376  377  378  379
  0    0    0    0    0    0    0    0    0    0    0    0    0    0    0    0    0    0    0    0    0
  1    1    1    1    1    1    1    1    1    1    1    1    1    1    1    1    1    1    1    1    1
  2    0    0    0    0    0    0    0    0    0    0    0    0    0    0    0    0    0    0    0    0
  3    0    0    0    0    0    0    0    0    0    0    0    0    0    0    0    0    0    0    0    0

     380  381  382  383  384  385  386  387  388  389  390  391  392  393  394  395  396  397  398  399
  0    0    0    0    0    0    0    0    0    0    0    0    0    0    0    0    0    0    0    0    0
  1    1    1    1    1    1    1    1    1    1    1    1    1    1    1    1    1    1    1    1    1
  2    0    0    0    0    0    0    0    0    0    0    0    0    0    0    0    0    0    0    0    0
  3    0    0    0    0    0    0    0    0    0    0    0    0    0    0    0    0    0    0    0    0

     400  401  402  403  404  405  406  407  408  409  410  411  412  413  414  415  416  417  418  419
  0    0    0    0    0    0    0    0    0    0    0    0    0    0    0    0    0    0    0    0    0
  1    1    1    1    1    1    1    1    1    1    1    1    1    1    1    1    1    1    1    1    1
  2    0    0    0    0    0    0    0    0    0    0    0    0    0    0    0    0    0    0    0    0
  3    0    0    0    0    0    0    0    0    0    0    0    0    0    0    0    0    0    0    0    0

     420  421  422  423  424  425  426  427  428  429  430  431  432  433  434  435  436  437  438  439
  0    0    0    0    0    0    0    0    0    0    0    0    0    0    0    0    0    0    0    0    0
  1    1    1    1    1    1    1    1    1    1    1    1    1    1    1    1    1    1    1    1    1
  2    0    0    0    0    0    0    0    0    0    0    0    0    0    0    0    0    0    0    0    0
  3    0    0    0    0    0    0    0    0    0    0    0    0    0    0    0    0    0    0    0    0

     440  441  442  443  444  445  446  447  448  449  450  451  452  453  454  455  456  457  458  459
  0    0    0    0    0    0    0    0    0    0    0    0    0    0    0    0    0    0    0    0    0
  1    1    1    1    1    1    1    1    1    1    1    1    1    1    1    1    1    1    1    1    1
  2    0    0    0    0    0    0    0    0    0    0    0    0    0    0    0    0    0    0    0    0
  3    0    0    0    0    0    0    0    0    0    0    0    0    0    0    0    0    0    0    0    0

     460  461  462  463  464  465  466  467  468  469  470  471  472  473  474  475  476  477  478  479
  0    0    0    0    0    0    0    0    0    0    0    0    0    0    0    0    0    0    0    0    0
  1    1    1    1    1    1    1    1    1    0    0    0    0    0    0    0    0    0    0    0    0
  2    0    0    0    0    0    0    0    0    1    1    1    1    1    1    1    1    1    1    1    1
  3    0    0    0    0    0    0    0    0    0    0    0    0    0    0    0    0    0    0    0    0

     480  481  482  483  484  485  486  487  488  489  490  491  492  493  494  495  496  497  498  499
  0    0    0    0    0    0    0    0    0    0    0    0    0    0    0    0    0    0    0    0    0
  1    0    0    0    0    0    0    0    0    0    0    0    0    0    0    0    0    0    0    0    0
  2    1    1    1    1    1    1    1    1    1    1    1    1    1    1    1    1    1    1    1    1
  3    0    0    0    0    0    0    0    0    0    0    0    0    0    0    0    0    0    0    0    0

     500  501  502  503  504  505  506  507  508  509  510  511  512  513  514  515  516  517  518  519
  0    0    0    0    0    0    0    0    0    0    0    0    0    0    0    0    0    0    0    0    0
  1    0    0    0    0    0    0    0    0    0    0    0    0    0    0    0    0    0    0    0    0
  2    1    1    1    1    1    1    1    1    1    1    1    1    1    1    1    1    1    1    1    1
  3    0    0    0    0    0    0    0    0    0    0    0    0    0    0    0    0    0    0    0    0

     520  521  522  523  524  525  526  527  528  529  530  531  532  533  534  535  536  537  538  539
  0    0    0    0    0    0    0    0    0    0    0    0    0    0    0    0    0    0    0    0    0
  1    0    0    0    0    0    0    0    0    0    0    0    0    0    0    0    0    0    0    0    0
  2    1    1    1    1    1    1    1    1    1    1    1    1    1    1    1    1    1    1    1    1
  3    0    0    0    0    0    0    0    0    0    0    0    0    0    0    0    0    0    0    0    0

     540  541  542  543  544  545  546  547  548  549  550  551  552  553  554  555  556  557  558  559
  0    0    0    0    0    0    0    0    0    0    0    0    0    0    0    0    0    0    0    0    0
  1    0    0    0    0    0    0    0    0    0    0    0    0    0    0    0    0    0    0    0    0
  2    1    1    1    1    1    1    1    1    1    1    1    1    1    1    1    1    1    1    1    1
  3    0    0    0    0    0    0    0    0    0    0    0    0    0    0    0    0    0    0    0    0

     560  561  562  563  564  565  566  567  568  569  570  571  572  573  574  575  576  577  578  579
  0    0    0    0    0    0    0    0    0    0    0    0    0    0    0    0    0    0    0    0    0
  1    0    0    0    0    0    0    0    0    0    0    0    0    0    0    0    0    0    0    0    0
  2    1    1    1    1    1    1    1    1    1    1    1    1    1    1    1    1    1    1    1    1
  3    0    0    0    0    0    0    0    0    0    0    0    0    0    0    0    0    0    0    0    0

     580  581  582  583  584  585  586  587  588  589  590  591  592  593  594  595  596  597  598  599
  0    0    0    0    0    0    0    0    0    0    0    0    0    0    0    0    0    0    0    0    0
  1    0    0    0    0    0    0    0    0    0    0    0    0    0    0    0    0    0    0    0    0
  2    1    1    1    1    1    1    1    1    1    1    1    1    1    1    1    1    1    1    1    1
  3    0    0    0    0    0    0    0    0    0    0    0    0    0    0    0    0    0    0    0    0

     600  601  602  603  604  605  606  607  608  609  610  611  612  613  614  615  616  617  618  619
  0    0    0    0    0    0    0    0    0    0    0    0    0    0    0    0    0    0    0    0    0
  1    0    0    0    0    0    0    0    0    0    0    0    0    0    0    0    0    0    0    0    0
  2    1    1    1    1    1    1    1    1    1    1    1    1    1    1    1    1    1    1    1    1
  3    0    0    0    0    0    0    0    0    0    0    0    0    0    0    0    0    0    0    0    0

     620  621  622  623
  0    0    0    0    0
  1    0    0    0    0
  2    1    1    1    1
  3    0    0    0    0




Class: MergeINCREMENT
	RecursiveOPTICS
	MedoidSelector
	FarthestLabelFeedback
	OracleMatching
	Siamese


Siamese Setup:
	Batch Size: 10
	Output Size: 100
	Train Size: 100000

Testing INCREMENT
Subclustering:
Computing Distance
Running OPTICS: minPts = 5

Subcluster Breakdown:
	0: 0.000000 (1)
		0: 0.000000 -- 0.000000  (1)
	--> std: 0.000000 -- 0.000000

	1: 0.000000 (1)
		1: 0.000000 -- 0.000000  (1)
	--> std: 0.000000 -- 0.000000

	2: 0.000000 (1)
		2: 0.000000 -- 0.000000  (1)
	--> std: 0.000000 -- 0.000000

	3: 0.000000 (1)
		3: 0.000000 -- 0.000000  (1)
	--> std: 0.000000 -- 0.000000

	4: 0.000000 (1)
		4: 0.000000 -- 0.000000  (1)
	--> std: 0.000000 -- 0.000000

	5: 0.000000 (1)
		5: 0.000000 -- 0.000000  (1)
	--> std: 0.000000 -- 0.000000

	6: 0.000000 (1)
		6: 0.000000 -- 0.000000  (1)
	--> std: 0.000000 -- 0.000000

	7: 0.000000 (1)
		7: 0.000000 -- 0.000000  (1)
	--> std: 0.000000 -- 0.000000

	8: 0.000000 (1)
		8: 0.000000 -- 0.000000  (1)
	--> std: 0.000000 -- 0.000000

	9: 0.000000 (1)
		9: 0.000000 -- 0.000000  (1)
	--> std: 0.000000 -- 0.000000

	10: 0.000000 (1)
		10: 0.000000 -- 0.000000  (1)
	--> std: 0.000000 -- 0.000000

	11: 0.000000 (1)
		11: 0.000000 -- 0.000000  (1)
	--> std: 0.000000 -- 0.000000

	12: 0.000000 (1)
		12: 0.000000 -- 0.000000  (1)
	--> std: 0.000000 -- 0.000000

	13: 0.000000 (1)
		13: 0.000000 -- 0.000000  (1)
	--> std: 0.000000 -- 0.000000

	14: 0.000000 (1)
		14: 0.000000 -- 0.000000  (1)
	--> std: 0.000000 -- 0.000000

	15: 0.000000 (1)
		15: 0.000000 -- 0.000000  (1)
	--> std: 0.000000 -- 0.000000

	16: 0.000000 (1)
		16: 0.000000 -- 0.000000  (1)
	--> std: 0.000000 -- 0.000000

	17: 0.000000 (1)
		17: 0.000000 -- 0.000000  (1)
	--> std: 0.000000 -- 0.000000

	18: 0.000000 (1)
		18: 0.000000 -- 0.000000  (1)
	--> std: 0.000000 -- 0.000000

	19: 0.000000 (1)
		19: 0.000000 -- 0.000000  (1)
	--> std: 0.000000 -- 0.000000

	20: 0.000000 (1)
		20: 0.000000 -- 0.000000  (1)
	--> std: 0.000000 -- 0.000000

	21: 0.000000 (1)
		21: 0.000000 -- 0.000000  (1)
	--> std: 0.000000 -- 0.000000

	22: 0.000000 (1)
		22: 0.000000 -- 0.000000  (1)
	--> std: 0.000000 -- 0.000000

	23: 0.000000 (1)
		23: 0.000000 -- 0.000000  (1)
	--> std: 0.000000 -- 0.000000

	24: 0.000000 (1)
		24: 0.000000 -- 0.000000  (1)
	--> std: 0.000000 -- 0.000000

	25: 0.000000 (1)
		25: 0.000000 -- 0.000000  (1)
	--> std: 0.000000 -- 0.000000

	26: 0.000000 (1)
		26: 0.000000 -- 0.000000  (1)
	--> std: 0.000000 -- 0.000000

	27: 0.000000 (1)
		27: 0.000000 -- 0.000000  (1)
	--> std: 0.000000 -- 0.000000

	28: 0.000000 (1)
		28: 0.000000 -- 0.000000  (1)
	--> std: 0.000000 -- 0.000000

	29: 0.000000 (1)
		29: 0.000000 -- 0.000000  (1)
	--> std: 0.000000 -- 0.000000

	30: 0.000000 (1)
		30: 0.000000 -- 0.000000  (1)
	--> std: 0.000000 -- 0.000000

	31: 0.000000 (1)
		31: 0.000000 -- 0.000000  (1)
	--> std: 0.000000 -- 0.000000

	32: 0.000000 (1)
		32: 0.000000 -- 0.000000  (1)
	--> std: 0.000000 -- 0.000000

	33: 0.000000 (1)
		33: 0.000000 -- 0.000000  (1)
	--> std: 0.000000 -- 0.000000

	34: 0.000000 (1)
		34: 0.000000 -- 0.000000  (1)
	--> std: 0.000000 -- 0.000000

	35: 0.000000 (1)
		35: 0.000000 -- 0.000000  (1)
	--> std: 0.000000 -- 0.000000

	36: 0.000000 (1)
		36: 0.000000 -- 0.000000  (1)
	--> std: 0.000000 -- 0.000000

	37: 0.000000 (1)
		37: 0.000000 -- 0.000000  (1)
	--> std: 0.000000 -- 0.000000

	38: 0.000000 (1)
		38: 0.000000 -- 0.000000  (1)
	--> std: 0.000000 -- 0.000000

	39: 0.000000 (1)
		39: 0.000000 -- 0.000000  (1)
	--> std: 0.000000 -- 0.000000

	40: 0.000000 (1)
		40: 0.000000 -- 0.000000  (1)
	--> std: 0.000000 -- 0.000000

	41: 0.000000 (1)
		41: 0.000000 -- 0.000000  (1)
	--> std: 0.000000 -- 0.000000

	42: 0.000000 (1)
		42: 0.000000 -- 0.000000  (1)
	--> std: 0.000000 -- 0.000000

	43: 0.000000 (1)
		43: 0.000000 -- 0.000000  (1)
	--> std: 0.000000 -- 0.000000

	44: 0.000000 (1)
		44: 0.000000 -- 0.000000  (1)
	--> std: 0.000000 -- 0.000000

	45: 0.000000 (1)
		45: 0.000000 -- 0.000000  (1)
	--> std: 0.000000 -- 0.000000

	46: 0.000000 (1)
		46: 0.000000 -- 0.000000  (1)
	--> std: 0.000000 -- 0.000000

	47: 0.000000 (1)
		47: 0.000000 -- 0.000000  (1)
	--> std: 0.000000 -- 0.000000

	48: 0.000000 (1)
		48: 0.000000 -- 0.000000  (1)
	--> std: 0.000000 -- 0.000000

	49: 0.000000 (1)
		49: 0.000000 -- 0.000000  (1)
	--> std: 0.000000 -- 0.000000

	50: 0.000000 (1)
		50: 0.000000 -- 0.000000  (1)
	--> std: 0.000000 -- 0.000000

	51: 0.000000 (1)
		51: 0.000000 -- 0.000000  (1)
	--> std: 0.000000 -- 0.000000

	52: 0.000000 (1)
		52: 0.000000 -- 0.000000  (1)
	--> std: 0.000000 -- 0.000000

	53: 0.000000 (1)
		53: 0.000000 -- 0.000000  (1)
	--> std: 0.000000 -- 0.000000

	54: 0.000000 (1)
		54: 0.000000 -- 0.000000  (1)
	--> std: 0.000000 -- 0.000000

	55: 0.000000 (1)
		55: 0.000000 -- 0.000000  (1)
	--> std: 0.000000 -- 0.000000

	56: 0.000000 (1)
		56: 0.000000 -- 0.000000  (1)
	--> std: 0.000000 -- 0.000000

	57: 0.000000 (1)
		57: 0.000000 -- 0.000000  (1)
	--> std: 0.000000 -- 0.000000

	58: 0.000000 (1)
		58: 0.000000 -- 0.000000  (1)
	--> std: 0.000000 -- 0.000000

	59: 0.000000 (1)
		59: 0.000000 -- 0.000000  (1)
	--> std: 0.000000 -- 0.000000

	60: 0.000000 (1)
		60: 0.000000 -- 0.000000  (1)
	--> std: 0.000000 -- 0.000000

	61: 0.000000 (1)
		61: 0.000000 -- 0.000000  (1)
	--> std: 0.000000 -- 0.000000

	62: 0.000000 (1)
		62: 0.000000 -- 0.000000  (1)
	--> std: 0.000000 -- 0.000000

	63: 0.000000 (1)
		63: 0.000000 -- 0.000000  (1)
	--> std: 0.000000 -- 0.000000

	64: 0.000000 (1)
		64: 0.000000 -- 0.000000  (1)
	--> std: 0.000000 -- 0.000000

	65: 0.000000 (1)
		65: 0.000000 -- 0.000000  (1)
	--> std: 0.000000 -- 0.000000

	66: 0.000000 (1)
		66: 0.000000 -- 0.000000  (1)
	--> std: 0.000000 -- 0.000000

	67: 0.000000 (1)
		67: 0.000000 -- 0.000000  (1)
	--> std: 0.000000 -- 0.000000

	68: 0.000000 (1)
		68: 0.000000 -- 0.000000  (1)
	--> std: 0.000000 -- 0.000000

	69: 0.000000 (1)
		69: 0.000000 -- 0.000000  (1)
	--> std: 0.000000 -- 0.000000

	70: 0.000000 (1)
		70: 0.000000 -- 0.000000  (1)
	--> std: 0.000000 -- 0.000000

	71: 0.000000 (1)
		71: 0.000000 -- 0.000000  (1)
	--> std: 0.000000 -- 0.000000

	72: 0.000000 (1)
		72: 0.000000 -- 0.000000  (1)
	--> std: 0.000000 -- 0.000000

	73: 0.000000 (1)
		73: 0.000000 -- 0.000000  (1)
	--> std: 0.000000 -- 0.000000

	74: 0.000000 (1)
		74: 0.000000 -- 0.000000  (1)
	--> std: 0.000000 -- 0.000000

	75: 0.000000 (1)
		75: 0.000000 -- 0.000000  (1)
	--> std: 0.000000 -- 0.000000

	76: 0.000000 (1)
		76: 0.000000 -- 0.000000  (1)
	--> std: 0.000000 -- 0.000000

	77: 0.000000 (1)
		77: 0.000000 -- 0.000000  (1)
	--> std: 0.000000 -- 0.000000

	78: 0.000000 (1)
		78: 0.000000 -- 0.000000  (1)
	--> std: 0.000000 -- 0.000000

	79: 0.000000 (1)
		79: 0.000000 -- 0.000000  (1)
	--> std: 0.000000 -- 0.000000

	80: 0.000000 (1)
		80: 0.000000 -- 0.000000  (1)
	--> std: 0.000000 -- 0.000000

	81: 0.000000 (1)
		81: 0.000000 -- 0.000000  (1)
	--> std: 0.000000 -- 0.000000

	82: 0.000000 (1)
		82: 0.000000 -- 0.000000  (1)
	--> std: 0.000000 -- 0.000000

	83: 0.000000 (1)
		83: 0.000000 -- 0.000000  (1)
	--> std: 0.000000 -- 0.000000

	84: 0.000000 (1)
		84: 0.000000 -- 0.000000  (1)
	--> std: 0.000000 -- 0.000000

	85: 0.000000 (1)
		85: 0.000000 -- 0.000000  (1)
	--> std: 0.000000 -- 0.000000

	86: 0.000000 (1)
		86: 0.000000 -- 0.000000  (1)
	--> std: 0.000000 -- 0.000000

	87: 0.000000 (1)
		87: 0.000000 -- 0.000000  (1)
	--> std: 0.000000 -- 0.000000

	88: 0.000000 (1)
		88: 0.000000 -- 0.000000  (1)
	--> std: 0.000000 -- 0.000000

	89: 0.000000 (1)
		89: 0.000000 -- 0.000000  (1)
	--> std: 0.000000 -- 0.000000

	90: 0.000000 (1)
		90: 0.000000 -- 0.000000  (1)
	--> std: 0.000000 -- 0.000000

	91: 0.000000 (1)
		91: 0.000000 -- 0.000000  (1)
	--> std: 0.000000 -- 0.000000

	92: 0.000000 (1)
		92: 0.000000 -- 0.000000  (1)
	--> std: 0.000000 -- 0.000000

	93: 0.000000 (1)
		93: 0.000000 -- 0.000000  (1)
	--> std: 0.000000 -- 0.000000

	94: 0.000000 (1)
		94: 0.000000 -- 0.000000  (1)
	--> std: 0.000000 -- 0.000000

	95: 0.000000 (1)
		95: 0.000000 -- 0.000000  (1)
	--> std: 0.000000 -- 0.000000

	96: 0.000000 (1)
		96: 0.000000 -- 0.000000  (1)
	--> std: 0.000000 -- 0.000000

	97: 0.000000 (1)
		97: 0.000000 -- 0.000000  (1)
	--> std: 0.000000 -- 0.000000

	98: 0.000000 (1)
		98: 0.000000 -- 0.000000  (1)
	--> std: 0.000000 -- 0.000000

	99: 0.000000 (1)
		99: 0.000000 -- 0.000000  (1)
	--> std: 0.000000 -- 0.000000

	100: 0.000000 (1)
		100: 0.000000 -- 0.000000  (1)
	--> std: 0.000000 -- 0.000000

	101: 0.000000 (1)
		101: 0.000000 -- 0.000000  (1)
	--> std: 0.000000 -- 0.000000

	102: 0.000000 (1)
		102: 0.000000 -- 0.000000  (1)
	--> std: 0.000000 -- 0.000000

	103: 0.000000 (1)
		103: 0.000000 -- 0.000000  (1)
	--> std: 0.000000 -- 0.000000

	104: 0.000000 (1)
		104: 0.000000 -- 0.000000  (1)
	--> std: 0.000000 -- 0.000000

	105: 0.000000 (1)
		105: 0.000000 -- 0.000000  (1)
	--> std: 0.000000 -- 0.000000

	106: 0.000000 (1)
		106: 0.000000 -- 0.000000  (1)
	--> std: 0.000000 -- 0.000000

	107: 0.000000 (1)
		107: 0.000000 -- 0.000000  (1)
	--> std: 0.000000 -- 0.000000

	108: 0.000000 (1)
		108: 0.000000 -- 0.000000  (1)
	--> std: 0.000000 -- 0.000000

	109: 0.000000 (1)
		109: 0.000000 -- 0.000000  (1)
	--> std: 0.000000 -- 0.000000

	110: 0.000000 (1)
		110: 0.000000 -- 0.000000  (1)
	--> std: 0.000000 -- 0.000000

	111: 0.000000 (1)
		111: 0.000000 -- 0.000000  (1)
	--> std: 0.000000 -- 0.000000

	112: 0.000000 (1)
		112: 0.000000 -- 0.000000  (1)
	--> std: 0.000000 -- 0.000000

	113: 0.000000 (1)
		113: 0.000000 -- 0.000000  (1)
	--> std: 0.000000 -- 0.000000

	114: 0.000000 (1)
		114: 0.000000 -- 0.000000  (1)
	--> std: 0.000000 -- 0.000000

	115: 0.000000 (1)
		115: 0.000000 -- 0.000000  (1)
	--> std: 0.000000 -- 0.000000

	116: 0.000000 (1)
		116: 0.000000 -- 0.000000  (1)
	--> std: 0.000000 -- 0.000000

	117: 0.000000 (1)
		117: 0.000000 -- 0.000000  (1)
	--> std: 0.000000 -- 0.000000

	118: 0.000000 (1)
		118: 0.000000 -- 0.000000  (1)
	--> std: 0.000000 -- 0.000000

	119: 0.000000 (1)
		119: 0.000000 -- 0.000000  (1)
	--> std: 0.000000 -- 0.000000

	120: 0.000000 (1)
		120: 0.000000 -- 0.000000  (1)
	--> std: 0.000000 -- 0.000000

	121: 0.000000 (1)
		121: 0.000000 -- 0.000000  (1)
	--> std: 0.000000 -- 0.000000

	122: 0.000000 (1)
		122: 0.000000 -- 0.000000  (1)
	--> std: 0.000000 -- 0.000000

	123: 0.000000 (1)
		123: 0.000000 -- 0.000000  (1)
	--> std: 0.000000 -- 0.000000

	124: 0.000000 (1)
		124: 0.000000 -- 0.000000  (1)
	--> std: 0.000000 -- 0.000000

	125: 0.000000 (1)
		125: 0.000000 -- 0.000000  (1)
	--> std: 0.000000 -- 0.000000

	126: 0.000000 (1)
		126: 0.000000 -- 0.000000  (1)
	--> std: 0.000000 -- 0.000000

	127: 0.000000 (1)
		127: 0.000000 -- 0.000000  (1)
	--> std: 0.000000 -- 0.000000

	128: 0.000000 (1)
		128: 0.000000 -- 0.000000  (1)
	--> std: 0.000000 -- 0.000000

	129: 0.000000 (1)
		129: 0.000000 -- 0.000000  (1)
	--> std: 0.000000 -- 0.000000

	130: 0.000000 (1)
		130: 0.000000 -- 0.000000  (1)
	--> std: 0.000000 -- 0.000000

	131: 0.000000 (1)
		131: 0.000000 -- 0.000000  (1)
	--> std: 0.000000 -- 0.000000

	132: 0.000000 (1)
		132: 0.000000 -- 0.000000  (1)
	--> std: 0.000000 -- 0.000000

	133: 0.000000 (1)
		133: 0.000000 -- 0.000000  (1)
	--> std: 0.000000 -- 0.000000

	134: 0.000000 (1)
		134: 0.000000 -- 0.000000  (1)
	--> std: 0.000000 -- 0.000000

	135: 0.000000 (1)
		135: 0.000000 -- 0.000000  (1)
	--> std: 0.000000 -- 0.000000

	136: 0.000000 (1)
		136: 0.000000 -- 0.000000  (1)
	--> std: 0.000000 -- 0.000000

	137: 0.000000 (1)
		137: 0.000000 -- 0.000000  (1)
	--> std: 0.000000 -- 0.000000

	138: 0.000000 (1)
		138: 0.000000 -- 0.000000  (1)
	--> std: 0.000000 -- 0.000000

	139: 0.000000 (1)
		139: 0.000000 -- 0.000000  (1)
	--> std: 0.000000 -- 0.000000

	140: 0.000000 (1)
		140: 0.000000 -- 0.000000  (1)
	--> std: 0.000000 -- 0.000000

	141: 0.000000 (1)
		141: 0.000000 -- 0.000000  (1)
	--> std: 0.000000 -- 0.000000

	142: 0.000000 (1)
		142: 0.000000 -- 0.000000  (1)
	--> std: 0.000000 -- 0.000000

	143: 0.000000 (1)
		143: 0.000000 -- 0.000000  (1)
	--> std: 0.000000 -- 0.000000

	144: 0.000000 (1)
		144: 0.000000 -- 0.000000  (1)
	--> std: 0.000000 -- 0.000000

	145: 0.000000 (1)
		145: 0.000000 -- 0.000000  (1)
	--> std: 0.000000 -- 0.000000

	146: 0.000000 (1)
		146: 0.000000 -- 0.000000  (1)
	--> std: 0.000000 -- 0.000000

	147: 0.000000 (1)
		147: 0.000000 -- 0.000000  (1)
	--> std: 0.000000 -- 0.000000

	148: 0.000000 (1)
		148: 0.000000 -- 0.000000  (1)
	--> std: 0.000000 -- 0.000000

	149: 0.000000 (1)
		149: 0.000000 -- 0.000000  (1)
	--> std: 0.000000 -- 0.000000

	150: 0.000000 (1)
		150: 0.000000 -- 0.000000  (1)
	--> std: 0.000000 -- 0.000000

	151: 0.000000 (1)
		151: 0.000000 -- 0.000000  (1)
	--> std: 0.000000 -- 0.000000

	152: 0.000000 (1)
		152: 0.000000 -- 0.000000  (1)
	--> std: 0.000000 -- 0.000000

	153: 0.000000 (1)
		153: 0.000000 -- 0.000000  (1)
	--> std: 0.000000 -- 0.000000

	154: 0.000000 (1)
		154: 0.000000 -- 0.000000  (1)
	--> std: 0.000000 -- 0.000000

	155: 0.000000 (1)
		155: 0.000000 -- 0.000000  (1)
	--> std: 0.000000 -- 0.000000

	156: 0.000000 (1)
		156: 0.000000 -- 0.000000  (1)
	--> std: 0.000000 -- 0.000000

	157: 0.000000 (1)
		157: 0.000000 -- 0.000000  (1)
	--> std: 0.000000 -- 0.000000

	158: 0.000000 (1)
		158: 0.000000 -- 0.000000  (1)
	--> std: 0.000000 -- 0.000000

	159: 0.000000 (1)
		159: 0.000000 -- 0.000000  (1)
	--> std: 0.000000 -- 0.000000

	160: 0.000000 (1)
		160: 0.000000 -- 0.000000  (1)
	--> std: 0.000000 -- 0.000000

	161: 0.000000 (1)
		161: 0.000000 -- 0.000000  (1)
	--> std: 0.000000 -- 0.000000

	162: 0.000000 (1)
		162: 0.000000 -- 0.000000  (1)
	--> std: 0.000000 -- 0.000000

	163: 0.000000 (1)
		163: 0.000000 -- 0.000000  (1)
	--> std: 0.000000 -- 0.000000

	164: 0.000000 (1)
		164: 0.000000 -- 0.000000  (1)
	--> std: 0.000000 -- 0.000000

	165: 0.000000 (1)
		165: 0.000000 -- 0.000000  (1)
	--> std: 0.000000 -- 0.000000

	166: 0.000000 (1)
		166: 0.000000 -- 0.000000  (1)
	--> std: 0.000000 -- 0.000000

	167: 0.000000 (1)
		167: 0.000000 -- 0.000000  (1)
	--> std: 0.000000 -- 0.000000

	168: 0.000000 (1)
		168: 0.000000 -- 0.000000  (1)
	--> std: 0.000000 -- 0.000000

	169: 0.000000 (1)
		169: 0.000000 -- 0.000000  (1)
	--> std: 0.000000 -- 0.000000

	170: 0.000000 (1)
		170: 0.000000 -- 0.000000  (1)
	--> std: 0.000000 -- 0.000000

	171: 0.000000 (1)
		171: 0.000000 -- 0.000000  (1)
	--> std: 0.000000 -- 0.000000

	172: 0.000000 (1)
		172: 0.000000 -- 0.000000  (1)
	--> std: 0.000000 -- 0.000000

	173: 0.000000 (1)
		173: 0.000000 -- 0.000000  (1)
	--> std: 0.000000 -- 0.000000

	174: 0.000000 (1)
		174: 0.000000 -- 0.000000  (1)
	--> std: 0.000000 -- 0.000000

	175: 0.000000 (1)
		175: 0.000000 -- 0.000000  (1)
	--> std: 0.000000 -- 0.000000

	176: 0.000000 (1)
		176: 0.000000 -- 0.000000  (1)
	--> std: 0.000000 -- 0.000000

	177: 0.000000 (1)
		177: 0.000000 -- 0.000000  (1)
	--> std: 0.000000 -- 0.000000

	178: 0.000000 (1)
		178: 0.000000 -- 0.000000  (1)
	--> std: 0.000000 -- 0.000000

	179: 0.000000 (1)
		179: 0.000000 -- 0.000000  (1)
	--> std: 0.000000 -- 0.000000

	180: 0.000000 (1)
		180: 0.000000 -- 0.000000  (1)
	--> std: 0.000000 -- 0.000000

	181: 0.000000 (1)
		181: 0.000000 -- 0.000000  (1)
	--> std: 0.000000 -- 0.000000

	182: 0.000000 (1)
		182: 0.000000 -- 0.000000  (1)
	--> std: 0.000000 -- 0.000000

	183: 0.000000 (1)
		183: 0.000000 -- 0.000000  (1)
	--> std: 0.000000 -- 0.000000

	184: 0.000000 (1)
		184: 0.000000 -- 0.000000  (1)
	--> std: 0.000000 -- 0.000000

	185: 0.000000 (1)
		185: 0.000000 -- 0.000000  (1)
	--> std: 0.000000 -- 0.000000

	186: 0.000000 (1)
		186: 0.000000 -- 0.000000  (1)
	--> std: 0.000000 -- 0.000000

	187: 0.000000 (1)
		187: 0.000000 -- 0.000000  (1)
	--> std: 0.000000 -- 0.000000

	188: 0.000000 (1)
		188: 0.000000 -- 0.000000  (1)
	--> std: 0.000000 -- 0.000000

	189: 0.000000 (1)
		189: 0.000000 -- 0.000000  (1)
	--> std: 0.000000 -- 0.000000

	190: 0.000000 (1)
		190: 0.000000 -- 0.000000  (1)
	--> std: 0.000000 -- 0.000000

	191: 0.000000 (1)
		191: 0.000000 -- 0.000000  (1)
	--> std: 0.000000 -- 0.000000

	192: 0.000000 (1)
		192: 0.000000 -- 0.000000  (1)
	--> std: 0.000000 -- 0.000000

	193: 0.000000 (1)
		193: 0.000000 -- 0.000000  (1)
	--> std: 0.000000 -- 0.000000

	194: 0.000000 (1)
		194: 0.000000 -- 0.000000  (1)
	--> std: 0.000000 -- 0.000000

	195: 0.000000 (1)
		195: 0.000000 -- 0.000000  (1)
	--> std: 0.000000 -- 0.000000

	196: 0.000000 (1)
		196: 0.000000 -- 0.000000  (1)
	--> std: 0.000000 -- 0.000000

	197: 0.000000 (1)
		197: 0.000000 -- 0.000000  (1)
	--> std: 0.000000 -- 0.000000

	198: 0.000000 (1)
		198: 0.000000 -- 0.000000  (1)
	--> std: 0.000000 -- 0.000000

	199: 0.000000 (1)
		199: 0.000000 -- 0.000000  (1)
	--> std: 0.000000 -- 0.000000

	200: 0.000000 (1)
		200: 0.000000 -- 0.000000  (1)
	--> std: 0.000000 -- 0.000000

	201: 0.000000 (1)
		201: 0.000000 -- 0.000000  (1)
	--> std: 0.000000 -- 0.000000

	202: 0.000000 (1)
		202: 0.000000 -- 0.000000  (1)
	--> std: 0.000000 -- 0.000000

	203: 0.000000 (1)
		203: 0.000000 -- 0.000000  (1)
	--> std: 0.000000 -- 0.000000

	204: 0.000000 (1)
		204: 0.000000 -- 0.000000  (1)
	--> std: 0.000000 -- 0.000000

	205: 0.000000 (1)
		205: 0.000000 -- 0.000000  (1)
	--> std: 0.000000 -- 0.000000

	206: 0.000000 (1)
		206: 0.000000 -- 0.000000  (1)
	--> std: 0.000000 -- 0.000000

	207: 0.000000 (1)
		207: 0.000000 -- 0.000000  (1)
	--> std: 0.000000 -- 0.000000

	208: 0.000000 (1)
		208: 0.000000 -- 0.000000  (1)
	--> std: 0.000000 -- 0.000000

	209: 0.000000 (1)
		209: 0.000000 -- 0.000000  (1)
	--> std: 0.000000 -- 0.000000

	210: 0.000000 (1)
		210: 0.000000 -- 0.000000  (1)
	--> std: 0.000000 -- 0.000000

	211: 0.000000 (1)
		211: 0.000000 -- 0.000000  (1)
	--> std: 0.000000 -- 0.000000

	212: 0.000000 (1)
		212: 0.000000 -- 0.000000  (1)
	--> std: 0.000000 -- 0.000000

	213: 0.000000 (1)
		213: 0.000000 -- 0.000000  (1)
	--> std: 0.000000 -- 0.000000

	214: 0.000000 (1)
		214: 0.000000 -- 0.000000  (1)
	--> std: 0.000000 -- 0.000000

	215: 0.000000 (1)
		215: 0.000000 -- 0.000000  (1)
	--> std: 0.000000 -- 0.000000

	216: 0.000000 (1)
		216: 0.000000 -- 0.000000  (1)
	--> std: 0.000000 -- 0.000000

	217: 0.000000 (1)
		217: 0.000000 -- 0.000000  (1)
	--> std: 0.000000 -- 0.000000

	218: 0.000000 (1)
		218: 0.000000 -- 0.000000  (1)
	--> std: 0.000000 -- 0.000000

	219: 0.000000 (1)
		219: 0.000000 -- 0.000000  (1)
	--> std: 0.000000 -- 0.000000

	220: 0.000000 (1)
		220: 0.000000 -- 0.000000  (1)
	--> std: 0.000000 -- 0.000000

	221: 0.000000 (1)
		221: 0.000000 -- 0.000000  (1)
	--> std: 0.000000 -- 0.000000

	222: 0.000000 (1)
		222: 0.000000 -- 0.000000  (1)
	--> std: 0.000000 -- 0.000000

	223: 0.000000 (1)
		223: 0.000000 -- 0.000000  (1)
	--> std: 0.000000 -- 0.000000

	224: 0.000000 (1)
		224: 0.000000 -- 0.000000  (1)
	--> std: 0.000000 -- 0.000000

	225: 0.000000 (1)
		225: 0.000000 -- 0.000000  (1)
	--> std: 0.000000 -- 0.000000

	226: 0.000000 (1)
		226: 0.000000 -- 0.000000  (1)
	--> std: 0.000000 -- 0.000000

	227: 0.000000 (1)
		227: 0.000000 -- 0.000000  (1)
	--> std: 0.000000 -- 0.000000

	228: 0.000000 (1)
		228: 0.000000 -- 0.000000  (1)
	--> std: 0.000000 -- 0.000000

	229: 0.000000 (1)
		229: 0.000000 -- 0.000000  (1)
	--> std: 0.000000 -- 0.000000

	230: 0.000000 (1)
		230: 0.000000 -- 0.000000  (1)
	--> std: 0.000000 -- 0.000000

	231: 0.000000 (1)
		231: 0.000000 -- 0.000000  (1)
	--> std: 0.000000 -- 0.000000

	232: 0.000000 (1)
		232: 0.000000 -- 0.000000  (1)
	--> std: 0.000000 -- 0.000000

	233: 0.000000 (1)
		233: 0.000000 -- 0.000000  (1)
	--> std: 0.000000 -- 0.000000

	234: 0.000000 (1)
		234: 0.000000 -- 0.000000  (1)
	--> std: 0.000000 -- 0.000000

	235: 0.000000 (1)
		235: 0.000000 -- 0.000000  (1)
	--> std: 0.000000 -- 0.000000

	236: 0.000000 (1)
		236: 0.000000 -- 0.000000  (1)
	--> std: 0.000000 -- 0.000000

	237: 0.000000 (1)
		237: 0.000000 -- 0.000000  (1)
	--> std: 0.000000 -- 0.000000

	238: 0.000000 (1)
		238: 0.000000 -- 0.000000  (1)
	--> std: 0.000000 -- 0.000000

	239: 0.000000 (1)
		239: 0.000000 -- 0.000000  (1)
	--> std: 0.000000 -- 0.000000

	240: 0.000000 (1)
		240: 0.000000 -- 0.000000  (1)
	--> std: 0.000000 -- 0.000000

	241: 0.000000 (1)
		241: 0.000000 -- 0.000000  (1)
	--> std: 0.000000 -- 0.000000

	242: 0.000000 (1)
		242: 0.000000 -- 0.000000  (1)
	--> std: 0.000000 -- 0.000000

	243: 0.000000 (1)
		243: 0.000000 -- 0.000000  (1)
	--> std: 0.000000 -- 0.000000

	244: 0.000000 (1)
		244: 0.000000 -- 0.000000  (1)
	--> std: 0.000000 -- 0.000000

	245: 0.000000 (1)
		245: 0.000000 -- 0.000000  (1)
	--> std: 0.000000 -- 0.000000

	246: 0.000000 (1)
		246: 0.000000 -- 0.000000  (1)
	--> std: 0.000000 -- 0.000000

	247: 0.000000 (1)
		247: 0.000000 -- 0.000000  (1)
	--> std: 0.000000 -- 0.000000

	248: 0.000000 (1)
		248: 0.000000 -- 0.000000  (1)
	--> std: 0.000000 -- 0.000000

	249: 0.000000 (1)
		249: 0.000000 -- 0.000000  (1)
	--> std: 0.000000 -- 0.000000

	250: 0.000000 (1)
		250: 0.000000 -- 0.000000  (1)
	--> std: 0.000000 -- 0.000000

	251: 0.000000 (1)
		251: 0.000000 -- 0.000000  (1)
	--> std: 0.000000 -- 0.000000

	252: 0.000000 (1)
		252: 0.000000 -- 0.000000  (1)
	--> std: 0.000000 -- 0.000000

	253: 0.000000 (1)
		253: 0.000000 -- 0.000000  (1)
	--> std: 0.000000 -- 0.000000

	254: 0.000000 (1)
		254: 0.000000 -- 0.000000  (1)
	--> std: 0.000000 -- 0.000000

	255: 0.000000 (1)
		255: 0.000000 -- 0.000000  (1)
	--> std: 0.000000 -- 0.000000

	256: 0.000000 (1)
		256: 0.000000 -- 0.000000  (1)
	--> std: 0.000000 -- 0.000000

	257: 0.000000 (1)
		257: 0.000000 -- 0.000000  (1)
	--> std: 0.000000 -- 0.000000

	258: 0.000000 (1)
		258: 0.000000 -- 0.000000  (1)
	--> std: 0.000000 -- 0.000000

	259: 0.000000 (1)
		259: 0.000000 -- 0.000000  (1)
	--> std: 0.000000 -- 0.000000

	260: 0.000000 (1)
		260: 0.000000 -- 0.000000  (1)
	--> std: 0.000000 -- 0.000000

	261: 0.000000 (1)
		261: 0.000000 -- 0.000000  (1)
	--> std: 0.000000 -- 0.000000

	262: 0.000000 (1)
		262: 0.000000 -- 0.000000  (1)
	--> std: 0.000000 -- 0.000000

	263: 0.000000 (1)
		263: 0.000000 -- 0.000000  (1)
	--> std: 0.000000 -- 0.000000

	264: 0.000000 (1)
		264: 0.000000 -- 0.000000  (1)
	--> std: 0.000000 -- 0.000000

	265: 0.000000 (1)
		265: 0.000000 -- 0.000000  (1)
	--> std: 0.000000 -- 0.000000

	266: 0.000000 (1)
		266: 0.000000 -- 0.000000  (1)
	--> std: 0.000000 -- 0.000000

	267: 0.000000 (1)
		267: 0.000000 -- 0.000000  (1)
	--> std: 0.000000 -- 0.000000

	268: 0.000000 (1)
		268: 0.000000 -- 0.000000  (1)
	--> std: 0.000000 -- 0.000000

	269: 0.000000 (1)
		269: 0.000000 -- 0.000000  (1)
	--> std: 0.000000 -- 0.000000

	270: 0.000000 (1)
		270: 0.000000 -- 0.000000  (1)
	--> std: 0.000000 -- 0.000000

	271: 0.000000 (1)
		271: 0.000000 -- 0.000000  (1)
	--> std: 0.000000 -- 0.000000

	272: 0.000000 (1)
		272: 0.000000 -- 0.000000  (1)
	--> std: 0.000000 -- 0.000000

	273: 0.000000 (1)
		273: 0.000000 -- 0.000000  (1)
	--> std: 0.000000 -- 0.000000

	274: 0.000000 (1)
		274: 0.000000 -- 0.000000  (1)
	--> std: 0.000000 -- 0.000000

	275: 0.000000 (1)
		275: 0.000000 -- 0.000000  (1)
	--> std: 0.000000 -- 0.000000

	276: 0.000000 (1)
		276: 0.000000 -- 0.000000  (1)
	--> std: 0.000000 -- 0.000000

	277: 0.000000 (1)
		277: 0.000000 -- 0.000000  (1)
	--> std: 0.000000 -- 0.000000

	278: 0.000000 (1)
		278: 0.000000 -- 0.000000  (1)
	--> std: 0.000000 -- 0.000000

	279: 0.000000 (1)
		279: 0.000000 -- 0.000000  (1)
	--> std: 0.000000 -- 0.000000

	280: 0.000000 (1)
		280: 0.000000 -- 0.000000  (1)
	--> std: 0.000000 -- 0.000000

	281: 0.000000 (1)
		281: 0.000000 -- 0.000000  (1)
	--> std: 0.000000 -- 0.000000

	282: 0.000000 (1)
		282: 0.000000 -- 0.000000  (1)
	--> std: 0.000000 -- 0.000000

	283: 0.000000 (1)
		283: 0.000000 -- 0.000000  (1)
	--> std: 0.000000 -- 0.000000

	284: 0.000000 (1)
		284: 0.000000 -- 0.000000  (1)
	--> std: 0.000000 -- 0.000000

	285: 0.000000 (1)
		285: 0.000000 -- 0.000000  (1)
	--> std: 0.000000 -- 0.000000

	286: 0.000000 (1)
		286: 0.000000 -- 0.000000  (1)
	--> std: 0.000000 -- 0.000000

	287: 0.000000 (1)
		287: 0.000000 -- 0.000000  (1)
	--> std: 0.000000 -- 0.000000

	288: 0.000000 (1)
		288: 0.000000 -- 0.000000  (1)
	--> std: 0.000000 -- 0.000000

	289: 0.000000 (1)
		289: 0.000000 -- 0.000000  (1)
	--> std: 0.000000 -- 0.000000

	290: 0.000000 (1)
		290: 0.000000 -- 0.000000  (1)
	--> std: 0.000000 -- 0.000000

	291: 0.000000 (1)
		291: 0.000000 -- 0.000000  (1)
	--> std: 0.000000 -- 0.000000

	292: 0.000000 (1)
		292: 0.000000 -- 0.000000  (1)
	--> std: 0.000000 -- 0.000000

	293: 0.000000 (1)
		293: 0.000000 -- 0.000000  (1)
	--> std: 0.000000 -- 0.000000

	294: 0.000000 (1)
		294: 0.000000 -- 0.000000  (1)
	--> std: 0.000000 -- 0.000000

	295: 0.000000 (1)
		295: 0.000000 -- 0.000000  (1)
	--> std: 0.000000 -- 0.000000

	296: 0.000000 (1)
		296: 0.000000 -- 0.000000  (1)
	--> std: 0.000000 -- 0.000000

	297: 0.000000 (1)
		297: 0.000000 -- 0.000000  (1)
	--> std: 0.000000 -- 0.000000

	298: 0.000000 (1)
		298: 0.000000 -- 0.000000  (1)
	--> std: 0.000000 -- 0.000000

	299: 0.000000 (1)
		299: 0.000000 -- 0.000000  (1)
	--> std: 0.000000 -- 0.000000

	300: 0.000000 (1)
		300: 0.000000 -- 0.000000  (1)
	--> std: 0.000000 -- 0.000000

	301: 0.000000 (1)
		301: 0.000000 -- 0.000000  (1)
	--> std: 0.000000 -- 0.000000

	302: 0.000000 (1)
		302: 0.000000 -- 0.000000  (1)
	--> std: 0.000000 -- 0.000000

	303: 0.000000 (1)
		303: 0.000000 -- 0.000000  (1)
	--> std: 0.000000 -- 0.000000

	304: 0.000000 (1)
		304: 0.000000 -- 0.000000  (1)
	--> std: 0.000000 -- 0.000000

	305: 0.000000 (1)
		305: 0.000000 -- 0.000000  (1)
	--> std: 0.000000 -- 0.000000

	306: 0.000000 (1)
		306: 0.000000 -- 0.000000  (1)
	--> std: 0.000000 -- 0.000000

	307: 0.000000 (1)
		307: 0.000000 -- 0.000000  (1)
	--> std: 0.000000 -- 0.000000

	308: 0.000000 (1)
		308: 0.000000 -- 0.000000  (1)
	--> std: 0.000000 -- 0.000000

	309: 0.000000 (1)
		309: 0.000000 -- 0.000000  (1)
	--> std: 0.000000 -- 0.000000

	310: 0.000000 (1)
		310: 0.000000 -- 0.000000  (1)
	--> std: 0.000000 -- 0.000000

	311: 0.000000 (1)
		311: 0.000000 -- 0.000000  (1)
	--> std: 0.000000 -- 0.000000

	312: 0.000000 (1)
		312: 0.000000 -- 0.000000  (1)
	--> std: 0.000000 -- 0.000000

	313: 0.000000 (1)
		313: 0.000000 -- 0.000000  (1)
	--> std: 0.000000 -- 0.000000

	314: 0.000000 (1)
		314: 0.000000 -- 0.000000  (1)
	--> std: 0.000000 -- 0.000000

	315: 0.000000 (1)
		315: 0.000000 -- 0.000000  (1)
	--> std: 0.000000 -- 0.000000

	316: 0.000000 (1)
		316: 0.000000 -- 0.000000  (1)
	--> std: 0.000000 -- 0.000000

	317: 0.000000 (1)
		317: 0.000000 -- 0.000000  (1)
	--> std: 0.000000 -- 0.000000

	318: 0.000000 (1)
		318: 0.000000 -- 0.000000  (1)
	--> std: 0.000000 -- 0.000000

	319: 0.000000 (1)
		319: 0.000000 -- 0.000000  (1)
	--> std: 0.000000 -- 0.000000

	320: 0.000000 (1)
		320: 0.000000 -- 0.000000  (1)
	--> std: 0.000000 -- 0.000000

	321: 0.000000 (1)
		321: 0.000000 -- 0.000000  (1)
	--> std: 0.000000 -- 0.000000

	322: 0.000000 (1)
		322: 0.000000 -- 0.000000  (1)
	--> std: 0.000000 -- 0.000000

	323: 0.000000 (1)
		323: 0.000000 -- 0.000000  (1)
	--> std: 0.000000 -- 0.000000

	324: 0.000000 (1)
		324: 0.000000 -- 0.000000  (1)
	--> std: 0.000000 -- 0.000000

	325: 0.000000 (1)
		325: 0.000000 -- 0.000000  (1)
	--> std: 0.000000 -- 0.000000

	326: 0.000000 (1)
		326: 0.000000 -- 0.000000  (1)
	--> std: 0.000000 -- 0.000000

	327: 0.000000 (1)
		327: 0.000000 -- 0.000000  (1)
	--> std: 0.000000 -- 0.000000

	328: 0.000000 (1)
		328: 0.000000 -- 0.000000  (1)
	--> std: 0.000000 -- 0.000000

	329: 0.000000 (1)
		329: 0.000000 -- 0.000000  (1)
	--> std: 0.000000 -- 0.000000

	330: 0.000000 (1)
		330: 0.000000 -- 0.000000  (1)
	--> std: 0.000000 -- 0.000000

	331: 0.000000 (1)
		331: 0.000000 -- 0.000000  (1)
	--> std: 0.000000 -- 0.000000

	332: 0.000000 (1)
		332: 0.000000 -- 0.000000  (1)
	--> std: 0.000000 -- 0.000000

	333: 0.000000 (1)
		333: 0.000000 -- 0.000000  (1)
	--> std: 0.000000 -- 0.000000

	334: 0.000000 (1)
		334: 0.000000 -- 0.000000  (1)
	--> std: 0.000000 -- 0.000000

	335: 0.000000 (1)
		335: 0.000000 -- 0.000000  (1)
	--> std: 0.000000 -- 0.000000

	336: 0.000000 (1)
		336: 0.000000 -- 0.000000  (1)
	--> std: 0.000000 -- 0.000000

	337: 0.000000 (1)
		337: 0.000000 -- 0.000000  (1)
	--> std: 0.000000 -- 0.000000

	338: 0.000000 (1)
		338: 0.000000 -- 0.000000  (1)
	--> std: 0.000000 -- 0.000000

	339: 0.000000 (1)
		339: 0.000000 -- 0.000000  (1)
	--> std: 0.000000 -- 0.000000

	340: 0.000000 (1)
		340: 0.000000 -- 0.000000  (1)
	--> std: 0.000000 -- 0.000000

	341: 0.000000 (1)
		341: 0.000000 -- 0.000000  (1)
	--> std: 0.000000 -- 0.000000

	342: 0.000000 (1)
		342: 0.000000 -- 0.000000  (1)
	--> std: 0.000000 -- 0.000000

	343: 0.000000 (1)
		343: 0.000000 -- 0.000000  (1)
	--> std: 0.000000 -- 0.000000

	344: 0.000000 (1)
		344: 0.000000 -- 0.000000  (1)
	--> std: 0.000000 -- 0.000000

	345: 0.000000 (1)
		345: 0.000000 -- 0.000000  (1)
	--> std: 0.000000 -- 0.000000

	346: 0.000000 (1)
		346: 0.000000 -- 0.000000  (1)
	--> std: 0.000000 -- 0.000000

	347: 0.000000 (1)
		347: 0.000000 -- 0.000000  (1)
	--> std: 0.000000 -- 0.000000

	348: 0.000000 (1)
		348: 0.000000 -- 0.000000  (1)
	--> std: 0.000000 -- 0.000000

	349: 0.000000 (1)
		349: 0.000000 -- 0.000000  (1)
	--> std: 0.000000 -- 0.000000

	350: 0.000000 (1)
		350: 0.000000 -- 0.000000  (1)
	--> std: 0.000000 -- 0.000000

	351: 0.000000 (1)
		351: 0.000000 -- 0.000000  (1)
	--> std: 0.000000 -- 0.000000

	352: 0.000000 (1)
		352: 0.000000 -- 0.000000  (1)
	--> std: 0.000000 -- 0.000000

	353: 0.000000 (1)
		353: 0.000000 -- 0.000000  (1)
	--> std: 0.000000 -- 0.000000

	354: 0.000000 (1)
		354: 0.000000 -- 0.000000  (1)
	--> std: 0.000000 -- 0.000000

	355: 0.000000 (1)
		355: 0.000000 -- 0.000000  (1)
	--> std: 0.000000 -- 0.000000

	356: 0.000000 (1)
		356: 0.000000 -- 0.000000  (1)
	--> std: 0.000000 -- 0.000000

	357: 0.000000 (1)
		357: 0.000000 -- 0.000000  (1)
	--> std: 0.000000 -- 0.000000

	358: 0.000000 (1)
		358: 0.000000 -- 0.000000  (1)
	--> std: 0.000000 -- 0.000000

	359: 0.000000 (1)
		359: 0.000000 -- 0.000000  (1)
	--> std: 0.000000 -- 0.000000

	360: 0.000000 (1)
		360: 0.000000 -- 0.000000  (1)
	--> std: 0.000000 -- 0.000000

	361: 0.000000 (1)
		361: 0.000000 -- 0.000000  (1)
	--> std: 0.000000 -- 0.000000

	362: 0.000000 (1)
		362: 0.000000 -- 0.000000  (1)
	--> std: 0.000000 -- 0.000000

	363: 0.000000 (1)
		363: 0.000000 -- 0.000000  (1)
	--> std: 0.000000 -- 0.000000

	364: 0.000000 (1)
		364: 0.000000 -- 0.000000  (1)
	--> std: 0.000000 -- 0.000000

	365: 0.000000 (1)
		365: 0.000000 -- 0.000000  (1)
	--> std: 0.000000 -- 0.000000

	366: 0.000000 (1)
		366: 0.000000 -- 0.000000  (1)
	--> std: 0.000000 -- 0.000000

	367: 0.000000 (1)
		367: 0.000000 -- 0.000000  (1)
	--> std: 0.000000 -- 0.000000

	368: 0.000000 (1)
		368: 0.000000 -- 0.000000  (1)
	--> std: 0.000000 -- 0.000000

	369: 0.000000 (1)
		369: 0.000000 -- 0.000000  (1)
	--> std: 0.000000 -- 0.000000

	370: 0.000000 (1)
		370: 0.000000 -- 0.000000  (1)
	--> std: 0.000000 -- 0.000000

	371: 0.000000 (1)
		371: 0.000000 -- 0.000000  (1)
	--> std: 0.000000 -- 0.000000

	372: 0.000000 (1)
		372: 0.000000 -- 0.000000  (1)
	--> std: 0.000000 -- 0.000000

	373: 0.000000 (1)
		373: 0.000000 -- 0.000000  (1)
	--> std: 0.000000 -- 0.000000

	374: 0.000000 (1)
		374: 0.000000 -- 0.000000  (1)
	--> std: 0.000000 -- 0.000000

	375: 0.000000 (1)
		375: 0.000000 -- 0.000000  (1)
	--> std: 0.000000 -- 0.000000

	376: 0.000000 (1)
		376: 0.000000 -- 0.000000  (1)
	--> std: 0.000000 -- 0.000000

	377: 0.000000 (1)
		377: 0.000000 -- 0.000000  (1)
	--> std: 0.000000 -- 0.000000

	378: 0.000000 (1)
		378: 0.000000 -- 0.000000  (1)
	--> std: 0.000000 -- 0.000000

	379: 0.000000 (1)
		379: 0.000000 -- 0.000000  (1)
	--> std: 0.000000 -- 0.000000

	380: 0.000000 (1)
		380: 0.000000 -- 0.000000  (1)
	--> std: 0.000000 -- 0.000000

	381: 0.000000 (1)
		381: 0.000000 -- 0.000000  (1)
	--> std: 0.000000 -- 0.000000

	382: 0.000000 (1)
		382: 0.000000 -- 0.000000  (1)
	--> std: 0.000000 -- 0.000000

	383: 0.000000 (1)
		383: 0.000000 -- 0.000000  (1)
	--> std: 0.000000 -- 0.000000

	384: 0.000000 (1)
		384: 0.000000 -- 0.000000  (1)
	--> std: 0.000000 -- 0.000000

	385: 0.000000 (1)
		385: 0.000000 -- 0.000000  (1)
	--> std: 0.000000 -- 0.000000

	386: 0.000000 (1)
		386: 0.000000 -- 0.000000  (1)
	--> std: 0.000000 -- 0.000000

	387: 0.000000 (1)
		387: 0.000000 -- 0.000000  (1)
	--> std: 0.000000 -- 0.000000

	388: 0.000000 (1)
		388: 0.000000 -- 0.000000  (1)
	--> std: 0.000000 -- 0.000000

	389: 0.000000 (1)
		389: 0.000000 -- 0.000000  (1)
	--> std: 0.000000 -- 0.000000

	390: 0.000000 (1)
		390: 0.000000 -- 0.000000  (1)
	--> std: 0.000000 -- 0.000000

	391: 0.000000 (1)
		391: 0.000000 -- 0.000000  (1)
	--> std: 0.000000 -- 0.000000

	392: 0.000000 (1)
		392: 0.000000 -- 0.000000  (1)
	--> std: 0.000000 -- 0.000000

	393: 0.000000 (1)
		393: 0.000000 -- 0.000000  (1)
	--> std: 0.000000 -- 0.000000

	394: 0.000000 (1)
		394: 0.000000 -- 0.000000  (1)
	--> std: 0.000000 -- 0.000000

	395: 0.000000 (1)
		395: 0.000000 -- 0.000000  (1)
	--> std: 0.000000 -- 0.000000

	396: 0.000000 (1)
		396: 0.000000 -- 0.000000  (1)
	--> std: 0.000000 -- 0.000000

	397: 0.000000 (1)
		397: 0.000000 -- 0.000000  (1)
	--> std: 0.000000 -- 0.000000

	398: 0.000000 (1)
		398: 0.000000 -- 0.000000  (1)
	--> std: 0.000000 -- 0.000000

	399: 0.000000 (1)
		399: 0.000000 -- 0.000000  (1)
	--> std: 0.000000 -- 0.000000

	400: 0.000000 (1)
		400: 0.000000 -- 0.000000  (1)
	--> std: 0.000000 -- 0.000000

	401: 0.000000 (1)
		401: 0.000000 -- 0.000000  (1)
	--> std: 0.000000 -- 0.000000

	402: 0.000000 (1)
		402: 0.000000 -- 0.000000  (1)
	--> std: 0.000000 -- 0.000000

	403: 0.000000 (1)
		403: 0.000000 -- 0.000000  (1)
	--> std: 0.000000 -- 0.000000

	404: 0.000000 (1)
		404: 0.000000 -- 0.000000  (1)
	--> std: 0.000000 -- 0.000000

	405: 0.000000 (1)
		405: 0.000000 -- 0.000000  (1)
	--> std: 0.000000 -- 0.000000

	406: 0.000000 (1)
		406: 0.000000 -- 0.000000  (1)
	--> std: 0.000000 -- 0.000000

	407: 0.000000 (1)
		407: 0.000000 -- 0.000000  (1)
	--> std: 0.000000 -- 0.000000

	408: 0.000000 (1)
		408: 0.000000 -- 0.000000  (1)
	--> std: 0.000000 -- 0.000000

	409: 0.000000 (1)
		409: 0.000000 -- 0.000000  (1)
	--> std: 0.000000 -- 0.000000

	410: 0.000000 (1)
		410: 0.000000 -- 0.000000  (1)
	--> std: 0.000000 -- 0.000000

	411: 0.000000 (1)
		411: 0.000000 -- 0.000000  (1)
	--> std: 0.000000 -- 0.000000

	412: 0.000000 (1)
		412: 0.000000 -- 0.000000  (1)
	--> std: 0.000000 -- 0.000000

	413: 0.000000 (1)
		413: 0.000000 -- 0.000000  (1)
	--> std: 0.000000 -- 0.000000

	414: 0.000000 (1)
		414: 0.000000 -- 0.000000  (1)
	--> std: 0.000000 -- 0.000000

	415: 0.000000 (1)
		415: 0.000000 -- 0.000000  (1)
	--> std: 0.000000 -- 0.000000

	416: 0.000000 (1)
		416: 0.000000 -- 0.000000  (1)
	--> std: 0.000000 -- 0.000000

	417: 0.000000 (1)
		417: 0.000000 -- 0.000000  (1)
	--> std: 0.000000 -- 0.000000

	418: 0.000000 (1)
		418: 0.000000 -- 0.000000  (1)
	--> std: 0.000000 -- 0.000000

	419: 0.000000 (1)
		419: 0.000000 -- 0.000000  (1)
	--> std: 0.000000 -- 0.000000

	420: 0.000000 (1)
		420: 0.000000 -- 0.000000  (1)
	--> std: 0.000000 -- 0.000000

	421: 0.000000 (1)
		421: 0.000000 -- 0.000000  (1)
	--> std: 0.000000 -- 0.000000

	422: 0.000000 (1)
		422: 0.000000 -- 0.000000  (1)
	--> std: 0.000000 -- 0.000000

	423: 0.000000 (1)
		423: 0.000000 -- 0.000000  (1)
	--> std: 0.000000 -- 0.000000

	424: 0.000000 (1)
		424: 0.000000 -- 0.000000  (1)
	--> std: 0.000000 -- 0.000000

	425: 0.000000 (1)
		425: 0.000000 -- 0.000000  (1)
	--> std: 0.000000 -- 0.000000

	426: 0.000000 (1)
		426: 0.000000 -- 0.000000  (1)
	--> std: 0.000000 -- 0.000000

	427: 0.000000 (1)
		427: 0.000000 -- 0.000000  (1)
	--> std: 0.000000 -- 0.000000

	428: 0.000000 (1)
		428: 0.000000 -- 0.000000  (1)
	--> std: 0.000000 -- 0.000000

	429: 0.000000 (1)
		429: 0.000000 -- 0.000000  (1)
	--> std: 0.000000 -- 0.000000

	430: 0.000000 (1)
		430: 0.000000 -- 0.000000  (1)
	--> std: 0.000000 -- 0.000000

	431: 0.000000 (1)
		431: 0.000000 -- 0.000000  (1)
	--> std: 0.000000 -- 0.000000

	432: 0.000000 (1)
		432: 0.000000 -- 0.000000  (1)
	--> std: 0.000000 -- 0.000000

	433: 0.000000 (1)
		433: 0.000000 -- 0.000000  (1)
	--> std: 0.000000 -- 0.000000

	434: 0.000000 (1)
		434: 0.000000 -- 0.000000  (1)
	--> std: 0.000000 -- 0.000000

	435: 0.000000 (1)
		435: 0.000000 -- 0.000000  (1)
	--> std: 0.000000 -- 0.000000

	436: 0.000000 (1)
		436: 0.000000 -- 0.000000  (1)
	--> std: 0.000000 -- 0.000000

	437: 0.000000 (1)
		437: 0.000000 -- 0.000000  (1)
	--> std: 0.000000 -- 0.000000

	438: 0.000000 (1)
		438: 0.000000 -- 0.000000  (1)
	--> std: 0.000000 -- 0.000000

	439: 0.000000 (1)
		439: 0.000000 -- 0.000000  (1)
	--> std: 0.000000 -- 0.000000

	440: 0.000000 (1)
		440: 0.000000 -- 0.000000  (1)
	--> std: 0.000000 -- 0.000000

	441: 0.000000 (1)
		441: 0.000000 -- 0.000000  (1)
	--> std: 0.000000 -- 0.000000

	442: 0.000000 (1)
		442: 0.000000 -- 0.000000  (1)
	--> std: 0.000000 -- 0.000000

	443: 0.000000 (1)
		443: 0.000000 -- 0.000000  (1)
	--> std: 0.000000 -- 0.000000

	444: 0.000000 (1)
		444: 0.000000 -- 0.000000  (1)
	--> std: 0.000000 -- 0.000000

	445: 0.000000 (1)
		445: 0.000000 -- 0.000000  (1)
	--> std: 0.000000 -- 0.000000

	446: 0.000000 (1)
		446: 0.000000 -- 0.000000  (1)
	--> std: 0.000000 -- 0.000000

	447: 0.000000 (1)
		447: 0.000000 -- 0.000000  (1)
	--> std: 0.000000 -- 0.000000

	448: 0.000000 (1)
		448: 0.000000 -- 0.000000  (1)
	--> std: 0.000000 -- 0.000000

	449: 0.000000 (1)
		449: 0.000000 -- 0.000000  (1)
	--> std: 0.000000 -- 0.000000

	450: 0.000000 (1)
		450: 0.000000 -- 0.000000  (1)
	--> std: 0.000000 -- 0.000000

	451: 0.000000 (1)
		451: 0.000000 -- 0.000000  (1)
	--> std: 0.000000 -- 0.000000

	452: 0.000000 (1)
		452: 0.000000 -- 0.000000  (1)
	--> std: 0.000000 -- 0.000000

	453: 0.000000 (1)
		453: 0.000000 -- 0.000000  (1)
	--> std: 0.000000 -- 0.000000

	454: 0.000000 (1)
		454: 0.000000 -- 0.000000  (1)
	--> std: 0.000000 -- 0.000000

	455: 0.000000 (1)
		455: 0.000000 -- 0.000000  (1)
	--> std: 0.000000 -- 0.000000

	456: 0.000000 (1)
		456: 0.000000 -- 0.000000  (1)
	--> std: 0.000000 -- 0.000000

	457: 0.000000 (1)
		457: 0.000000 -- 0.000000  (1)
	--> std: 0.000000 -- 0.000000

	458: 0.000000 (1)
		458: 0.000000 -- 0.000000  (1)
	--> std: 0.000000 -- 0.000000

	459: 0.000000 (1)
		459: 0.000000 -- 0.000000  (1)
	--> std: 0.000000 -- 0.000000

	460: 0.000000 (1)
		460: 0.000000 -- 0.000000  (1)
	--> std: 0.000000 -- 0.000000

	461: 0.000000 (1)
		461: 0.000000 -- 0.000000  (1)
	--> std: 0.000000 -- 0.000000

	462: 0.000000 (1)
		462: 0.000000 -- 0.000000  (1)
	--> std: 0.000000 -- 0.000000

	463: 0.000000 (1)
		463: 0.000000 -- 0.000000  (1)
	--> std: 0.000000 -- 0.000000

	464: 0.000000 (1)
		464: 0.000000 -- 0.000000  (1)
	--> std: 0.000000 -- 0.000000

	465: 0.000000 (1)
		465: 0.000000 -- 0.000000  (1)
	--> std: 0.000000 -- 0.000000

	466: 0.000000 (1)
		466: 0.000000 -- 0.000000  (1)
	--> std: 0.000000 -- 0.000000

	467: 0.000000 (1)
		467: 0.000000 -- 0.000000  (1)
	--> std: 0.000000 -- 0.000000

	468: 0.000000 (1)
		468: 0.000000 -- 0.000000  (1)
	--> std: 0.000000 -- 0.000000

	469: 0.000000 (1)
		469: 0.000000 -- 0.000000  (1)
	--> std: 0.000000 -- 0.000000

	470: 0.000000 (1)
		470: 0.000000 -- 0.000000  (1)
	--> std: 0.000000 -- 0.000000

	471: 0.000000 (1)
		471: 0.000000 -- 0.000000  (1)
	--> std: 0.000000 -- 0.000000

	472: 0.000000 (1)
		472: 0.000000 -- 0.000000  (1)
	--> std: 0.000000 -- 0.000000

	473: 0.000000 (1)
		473: 0.000000 -- 0.000000  (1)
	--> std: 0.000000 -- 0.000000

	474: 0.000000 (1)
		474: 0.000000 -- 0.000000  (1)
	--> std: 0.000000 -- 0.000000

	475: 0.000000 (1)
		475: 0.000000 -- 0.000000  (1)
	--> std: 0.000000 -- 0.000000

	476: 0.000000 (1)
		476: 0.000000 -- 0.000000  (1)
	--> std: 0.000000 -- 0.000000

	477: 0.000000 (1)
		477: 0.000000 -- 0.000000  (1)
	--> std: 0.000000 -- 0.000000

	478: 0.000000 (1)
		478: 0.000000 -- 0.000000  (1)
	--> std: 0.000000 -- 0.000000

	479: 0.000000 (1)
		479: 0.000000 -- 0.000000  (1)
	--> std: 0.000000 -- 0.000000

	480: 0.000000 (1)
		480: 0.000000 -- 0.000000  (1)
	--> std: 0.000000 -- 0.000000

	481: 0.000000 (1)
		481: 0.000000 -- 0.000000  (1)
	--> std: 0.000000 -- 0.000000

	482: 0.000000 (1)
		482: 0.000000 -- 0.000000  (1)
	--> std: 0.000000 -- 0.000000

	483: 0.000000 (1)
		483: 0.000000 -- 0.000000  (1)
	--> std: 0.000000 -- 0.000000

	484: 0.000000 (1)
		484: 0.000000 -- 0.000000  (1)
	--> std: 0.000000 -- 0.000000

	485: 0.000000 (1)
		485: 0.000000 -- 0.000000  (1)
	--> std: 0.000000 -- 0.000000

	486: 0.000000 (1)
		486: 0.000000 -- 0.000000  (1)
	--> std: 0.000000 -- 0.000000

	487: 0.000000 (1)
		487: 0.000000 -- 0.000000  (1)
	--> std: 0.000000 -- 0.000000

	488: 0.000000 (1)
		488: 0.000000 -- 0.000000  (1)
	--> std: 0.000000 -- 0.000000

	489: 0.000000 (1)
		489: 0.000000 -- 0.000000  (1)
	--> std: 0.000000 -- 0.000000

	490: 0.000000 (1)
		490: 0.000000 -- 0.000000  (1)
	--> std: 0.000000 -- 0.000000

	491: 0.000000 (1)
		491: 0.000000 -- 0.000000  (1)
	--> std: 0.000000 -- 0.000000

	492: 0.000000 (1)
		492: 0.000000 -- 0.000000  (1)
	--> std: 0.000000 -- 0.000000

	493: 0.000000 (1)
		493: 0.000000 -- 0.000000  (1)
	--> std: 0.000000 -- 0.000000

	494: 0.000000 (1)
		494: 0.000000 -- 0.000000  (1)
	--> std: 0.000000 -- 0.000000

	495: 0.000000 (1)
		495: 0.000000 -- 0.000000  (1)
	--> std: 0.000000 -- 0.000000

	496: 0.000000 (1)
		496: 0.000000 -- 0.000000  (1)
	--> std: 0.000000 -- 0.000000

	497: 0.000000 (1)
		497: 0.000000 -- 0.000000  (1)
	--> std: 0.000000 -- 0.000000

	498: 0.000000 (1)
		498: 0.000000 -- 0.000000  (1)
	--> std: 0.000000 -- 0.000000

	499: 0.000000 (1)
		499: 0.000000 -- 0.000000  (1)
	--> std: 0.000000 -- 0.000000

	500: 0.000000 (1)
		500: 0.000000 -- 0.000000  (1)
	--> std: 0.000000 -- 0.000000

	501: 0.000000 (1)
		501: 0.000000 -- 0.000000  (1)
	--> std: 0.000000 -- 0.000000

	502: 0.000000 (1)
		502: 0.000000 -- 0.000000  (1)
	--> std: 0.000000 -- 0.000000

	503: 0.000000 (1)
		503: 0.000000 -- 0.000000  (1)
	--> std: 0.000000 -- 0.000000

	504: 0.000000 (1)
		504: 0.000000 -- 0.000000  (1)
	--> std: 0.000000 -- 0.000000

	505: 0.000000 (1)
		505: 0.000000 -- 0.000000  (1)
	--> std: 0.000000 -- 0.000000

	506: 0.000000 (1)
		506: 0.000000 -- 0.000000  (1)
	--> std: 0.000000 -- 0.000000

	507: 0.000000 (1)
		507: 0.000000 -- 0.000000  (1)
	--> std: 0.000000 -- 0.000000

	508: 0.000000 (1)
		508: 0.000000 -- 0.000000  (1)
	--> std: 0.000000 -- 0.000000

	509: 0.000000 (1)
		509: 0.000000 -- 0.000000  (1)
	--> std: 0.000000 -- 0.000000

	510: 0.000000 (1)
		510: 0.000000 -- 0.000000  (1)
	--> std: 0.000000 -- 0.000000

	511: 0.000000 (1)
		511: 0.000000 -- 0.000000  (1)
	--> std: 0.000000 -- 0.000000

	512: 0.000000 (1)
		512: 0.000000 -- 0.000000  (1)
	--> std: 0.000000 -- 0.000000

	513: 0.000000 (1)
		513: 0.000000 -- 0.000000  (1)
	--> std: 0.000000 -- 0.000000

	514: 0.000000 (1)
		514: 0.000000 -- 0.000000  (1)
	--> std: 0.000000 -- 0.000000

	515: 0.000000 (1)
		515: 0.000000 -- 0.000000  (1)
	--> std: 0.000000 -- 0.000000

	516: 0.000000 (1)
		516: 0.000000 -- 0.000000  (1)
	--> std: 0.000000 -- 0.000000

	517: 0.000000 (1)
		517: 0.000000 -- 0.000000  (1)
	--> std: 0.000000 -- 0.000000

	518: 0.000000 (1)
		518: 0.000000 -- 0.000000  (1)
	--> std: 0.000000 -- 0.000000

	519: 0.000000 (1)
		519: 0.000000 -- 0.000000  (1)
	--> std: 0.000000 -- 0.000000

	520: 0.000000 (1)
		520: 0.000000 -- 0.000000  (1)
	--> std: 0.000000 -- 0.000000

	521: 0.000000 (1)
		521: 0.000000 -- 0.000000  (1)
	--> std: 0.000000 -- 0.000000

	522: 0.000000 (1)
		522: 0.000000 -- 0.000000  (1)
	--> std: 0.000000 -- 0.000000

	523: 0.000000 (1)
		523: 0.000000 -- 0.000000  (1)
	--> std: 0.000000 -- 0.000000

	524: 0.000000 (1)
		524: 0.000000 -- 0.000000  (1)
	--> std: 0.000000 -- 0.000000

	525: 0.000000 (1)
		525: 0.000000 -- 0.000000  (1)
	--> std: 0.000000 -- 0.000000

	526: 0.000000 (1)
		526: 0.000000 -- 0.000000  (1)
	--> std: 0.000000 -- 0.000000

	527: 0.000000 (1)
		527: 0.000000 -- 0.000000  (1)
	--> std: 0.000000 -- 0.000000

	528: 0.000000 (1)
		528: 0.000000 -- 0.000000  (1)
	--> std: 0.000000 -- 0.000000

	529: 0.000000 (1)
		529: 0.000000 -- 0.000000  (1)
	--> std: 0.000000 -- 0.000000

	530: 0.000000 (1)
		530: 0.000000 -- 0.000000  (1)
	--> std: 0.000000 -- 0.000000

	531: 0.000000 (1)
		531: 0.000000 -- 0.000000  (1)
	--> std: 0.000000 -- 0.000000

	532: 0.000000 (1)
		532: 0.000000 -- 0.000000  (1)
	--> std: 0.000000 -- 0.000000

	533: 0.000000 (1)
		533: 0.000000 -- 0.000000  (1)
	--> std: 0.000000 -- 0.000000

	534: 0.000000 (1)
		534: 0.000000 -- 0.000000  (1)
	--> std: 0.000000 -- 0.000000

	535: 0.000000 (1)
		535: 0.000000 -- 0.000000  (1)
	--> std: 0.000000 -- 0.000000

	536: 0.000000 (1)
		536: 0.000000 -- 0.000000  (1)
	--> std: 0.000000 -- 0.000000

	537: 0.000000 (1)
		537: 0.000000 -- 0.000000  (1)
	--> std: 0.000000 -- 0.000000

	538: 0.000000 (1)
		538: 0.000000 -- 0.000000  (1)
	--> std: 0.000000 -- 0.000000

	539: 0.000000 (1)
		539: 0.000000 -- 0.000000  (1)
	--> std: 0.000000 -- 0.000000

	540: 0.000000 (1)
		540: 0.000000 -- 0.000000  (1)
	--> std: 0.000000 -- 0.000000

	541: 0.000000 (1)
		541: 0.000000 -- 0.000000  (1)
	--> std: 0.000000 -- 0.000000

	542: 0.000000 (1)
		542: 0.000000 -- 0.000000  (1)
	--> std: 0.000000 -- 0.000000

	543: 0.000000 (1)
		543: 0.000000 -- 0.000000  (1)
	--> std: 0.000000 -- 0.000000

	544: 0.000000 (1)
		544: 0.000000 -- 0.000000  (1)
	--> std: 0.000000 -- 0.000000

	545: 0.000000 (1)
		545: 0.000000 -- 0.000000  (1)
	--> std: 0.000000 -- 0.000000

	546: 0.000000 (1)
		546: 0.000000 -- 0.000000  (1)
	--> std: 0.000000 -- 0.000000

	547: 0.000000 (1)
		547: 0.000000 -- 0.000000  (1)
	--> std: 0.000000 -- 0.000000

	548: 0.000000 (1)
		548: 0.000000 -- 0.000000  (1)
	--> std: 0.000000 -- 0.000000

	549: 0.000000 (1)
		549: 0.000000 -- 0.000000  (1)
	--> std: 0.000000 -- 0.000000

	550: 0.000000 (1)
		550: 0.000000 -- 0.000000  (1)
	--> std: 0.000000 -- 0.000000

	551: 0.000000 (1)
		551: 0.000000 -- 0.000000  (1)
	--> std: 0.000000 -- 0.000000

	552: 0.000000 (1)
		552: 0.000000 -- 0.000000  (1)
	--> std: 0.000000 -- 0.000000

	553: 0.000000 (1)
		553: 0.000000 -- 0.000000  (1)
	--> std: 0.000000 -- 0.000000

	554: 0.000000 (1)
		554: 0.000000 -- 0.000000  (1)
	--> std: 0.000000 -- 0.000000

	555: 0.000000 (1)
		555: 0.000000 -- 0.000000  (1)
	--> std: 0.000000 -- 0.000000

	556: 0.000000 (1)
		556: 0.000000 -- 0.000000  (1)
	--> std: 0.000000 -- 0.000000

	557: 0.000000 (1)
		557: 0.000000 -- 0.000000  (1)
	--> std: 0.000000 -- 0.000000

	558: 0.000000 (1)
		558: 0.000000 -- 0.000000  (1)
	--> std: 0.000000 -- 0.000000

	559: 0.000000 (1)
		559: 0.000000 -- 0.000000  (1)
	--> std: 0.000000 -- 0.000000

	560: 0.000000 (1)
		560: 0.000000 -- 0.000000  (1)
	--> std: 0.000000 -- 0.000000

	561: 0.000000 (1)
		561: 0.000000 -- 0.000000  (1)
	--> std: 0.000000 -- 0.000000

	562: 0.000000 (1)
		562: 0.000000 -- 0.000000  (1)
	--> std: 0.000000 -- 0.000000

	563: 0.000000 (1)
		563: 0.000000 -- 0.000000  (1)
	--> std: 0.000000 -- 0.000000

	564: 0.000000 (1)
		564: 0.000000 -- 0.000000  (1)
	--> std: 0.000000 -- 0.000000

	565: 0.000000 (1)
		565: 0.000000 -- 0.000000  (1)
	--> std: 0.000000 -- 0.000000

	566: 0.000000 (1)
		566: 0.000000 -- 0.000000  (1)
	--> std: 0.000000 -- 0.000000

	567: 0.000000 (1)
		567: 0.000000 -- 0.000000  (1)
	--> std: 0.000000 -- 0.000000

	568: 0.000000 (1)
		568: 0.000000 -- 0.000000  (1)
	--> std: 0.000000 -- 0.000000

	569: 0.000000 (1)
		569: 0.000000 -- 0.000000  (1)
	--> std: 0.000000 -- 0.000000

	570: 0.000000 (1)
		570: 0.000000 -- 0.000000  (1)
	--> std: 0.000000 -- 0.000000

	571: 0.000000 (1)
		571: 0.000000 -- 0.000000  (1)
	--> std: 0.000000 -- 0.000000

	572: 0.000000 (1)
		572: 0.000000 -- 0.000000  (1)
	--> std: 0.000000 -- 0.000000

	573: 0.000000 (1)
		573: 0.000000 -- 0.000000  (1)
	--> std: 0.000000 -- 0.000000

	574: 0.000000 (1)
		574: 0.000000 -- 0.000000  (1)
	--> std: 0.000000 -- 0.000000

	575: 0.000000 (1)
		575: 0.000000 -- 0.000000  (1)
	--> std: 0.000000 -- 0.000000

	576: 0.000000 (1)
		576: 0.000000 -- 0.000000  (1)
	--> std: 0.000000 -- 0.000000

	577: 0.000000 (1)
		577: 0.000000 -- 0.000000  (1)
	--> std: 0.000000 -- 0.000000

	578: 0.000000 (1)
		578: 0.000000 -- 0.000000  (1)
	--> std: 0.000000 -- 0.000000

	579: 0.000000 (1)
		579: 0.000000 -- 0.000000  (1)
	--> std: 0.000000 -- 0.000000

	580: 0.000000 (1)
		580: 0.000000 -- 0.000000  (1)
	--> std: 0.000000 -- 0.000000

	581: 0.000000 (1)
		581: 0.000000 -- 0.000000  (1)
	--> std: 0.000000 -- 0.000000

	582: 0.000000 (1)
		582: 0.000000 -- 0.000000  (1)
	--> std: 0.000000 -- 0.000000

	583: 0.000000 (1)
		583: 0.000000 -- 0.000000  (1)
	--> std: 0.000000 -- 0.000000

	584: 0.000000 (1)
		584: 0.000000 -- 0.000000  (1)
	--> std: 0.000000 -- 0.000000

	585: 0.000000 (1)
		585: 0.000000 -- 0.000000  (1)
	--> std: 0.000000 -- 0.000000

	586: 0.000000 (1)
		586: 0.000000 -- 0.000000  (1)
	--> std: 0.000000 -- 0.000000

	587: 0.000000 (1)
		587: 0.000000 -- 0.000000  (1)
	--> std: 0.000000 -- 0.000000

	588: 0.000000 (1)
		588: 0.000000 -- 0.000000  (1)
	--> std: 0.000000 -- 0.000000

	589: 0.000000 (1)
		589: 0.000000 -- 0.000000  (1)
	--> std: 0.000000 -- 0.000000

	590: 0.000000 (1)
		590: 0.000000 -- 0.000000  (1)
	--> std: 0.000000 -- 0.000000

	591: 0.000000 (1)
		591: 0.000000 -- 0.000000  (1)
	--> std: 0.000000 -- 0.000000

	592: 0.000000 (1)
		592: 0.000000 -- 0.000000  (1)
	--> std: 0.000000 -- 0.000000

	593: 0.000000 (1)
		593: 0.000000 -- 0.000000  (1)
	--> std: 0.000000 -- 0.000000

	594: 0.000000 (1)
		594: 0.000000 -- 0.000000  (1)
	--> std: 0.000000 -- 0.000000

	595: 0.000000 (1)
		595: 0.000000 -- 0.000000  (1)
	--> std: 0.000000 -- 0.000000

	596: 0.000000 (1)
		596: 0.000000 -- 0.000000  (1)
	--> std: 0.000000 -- 0.000000

	597: 0.000000 (1)
		597: 0.000000 -- 0.000000  (1)
	--> std: 0.000000 -- 0.000000

	598: 0.000000 (1)
		598: 0.000000 -- 0.000000  (1)
	--> std: 0.000000 -- 0.000000

	599: 0.000000 (1)
		599: 0.000000 -- 0.000000  (1)
	--> std: 0.000000 -- 0.000000

	600: 0.000000 (1)
		600: 0.000000 -- 0.000000  (1)
	--> std: 0.000000 -- 0.000000

	601: 0.000000 (1)
		601: 0.000000 -- 0.000000  (1)
	--> std: 0.000000 -- 0.000000

	602: 0.000000 (1)
		602: 0.000000 -- 0.000000  (1)
	--> std: 0.000000 -- 0.000000

	603: 0.000000 (1)
		603: 0.000000 -- 0.000000  (1)
	--> std: 0.000000 -- 0.000000

	604: 0.000000 (1)
		604: 0.000000 -- 0.000000  (1)
	--> std: 0.000000 -- 0.000000

	605: 0.000000 (1)
		605: 0.000000 -- 0.000000  (1)
	--> std: 0.000000 -- 0.000000

	606: 0.000000 (1)
		606: 0.000000 -- 0.000000  (1)
	--> std: 0.000000 -- 0.000000

	607: 0.000000 (1)
		607: 0.000000 -- 0.000000  (1)
	--> std: 0.000000 -- 0.000000

	608: 0.000000 (1)
		608: 0.000000 -- 0.000000  (1)
	--> std: 0.000000 -- 0.000000

	609: 0.000000 (1)
		609: 0.000000 -- 0.000000  (1)
	--> std: 0.000000 -- 0.000000

	610: 0.000000 (1)
		610: 0.000000 -- 0.000000  (1)
	--> std: 0.000000 -- 0.000000

	611: 0.000000 (1)
		611: 0.000000 -- 0.000000  (1)
	--> std: 0.000000 -- 0.000000

	612: 0.000000 (1)
		612: 0.000000 -- 0.000000  (1)
	--> std: 0.000000 -- 0.000000

	613: 0.000000 (1)
		613: 0.000000 -- 0.000000  (1)
	--> std: 0.000000 -- 0.000000

	614: 0.000000 (1)
		614: 0.000000 -- 0.000000  (1)
	--> std: 0.000000 -- 0.000000

	615: 0.000000 (1)
		615: 0.000000 -- 0.000000  (1)
	--> std: 0.000000 -- 0.000000

	616: 0.000000 (1)
		616: 0.000000 -- 0.000000  (1)
	--> std: 0.000000 -- 0.000000

	617: 0.000000 (1)
		617: 0.000000 -- 0.000000  (1)
	--> std: 0.000000 -- 0.000000

	618: 0.000000 (1)
		618: 0.000000 -- 0.000000  (1)
	--> std: 0.000000 -- 0.000000

	619: 0.000000 (1)
		619: 0.000000 -- 0.000000  (1)
	--> std: 0.000000 -- 0.000000

	620: 0.000000 (1)
		620: 0.000000 -- 0.000000  (1)
	--> std: 0.000000 -- 0.000000

	621: 0.000000 (1)
		621: 0.000000 -- 0.000000  (1)
	--> std: 0.000000 -- 0.000000

	622: 0.000000 (1)
		622: 0.000000 -- 0.000000  (1)
	--> std: 0.000000 -- 0.000000

	623: 0.000000 (1)
		623: 0.000000 -- 0.000000  (1)
	--> std: 0.000000 -- 0.000000

	Avg: 0.000000 -- 0.000000 
	Std: 0.000000 -- 0.000000 

Subclusters Formed: 624

Selecting Representatives:
Representatives:
[0, 0, 0, 0, 0, 0, 0, 0, 0, 0, 0, 0, 0, 0, 0, 0, 0, 0, 0, 0, 0, 0, 0, 0, 0, 0, 0, 0, 0, 0, 0, 0, 0, 0, 0, 0, 0, 0, 0, 0, 0, 0, 0, 0, 0, 0, 0, 0, 0, 0, 0, 0, 0, 0, 0, 0, 0, 0, 0, 0, 0, 0, 0, 0, 0, 0, 0, 0, 0, 0, 0, 0, 0, 0, 0, 0, 0, 0, 0, 0, 0, 0, 0, 0, 0, 0, 0, 0, 0, 0, 0, 0, 0, 0, 0, 0, 0, 0, 0, 0, 0, 0, 0, 0, 0, 0, 0, 0, 0, 0, 0, 0, 0, 0, 0, 0, 0, 0, 0, 0, 0, 0, 0, 0, 0, 0, 0, 0, 0, 0, 0, 0, 0, 0, 0, 0, 0, 0, 0, 0, 0, 0, 0, 0, 0, 0, 0, 0, 0, 0, 0, 0, 0, 0, 0, 0, 0, 0, 0, 0, 0, 0, 0, 0, 0, 0, 0, 0, 0, 0, 0, 0, 0, 0, 0, 0, 0, 0, 0, 0, 0, 0, 0, 0, 0, 0, 0, 0, 0, 0, 0, 0, 0, 0, 0, 0, 0, 0, 0, 0, 0, 0, 0, 0, 0, 0, 0, 0, 0, 0, 0, 0, 0, 0, 0, 0, 0, 0, 0, 0, 0, 0, 0, 0, 0, 0, 0, 0, 0, 0, 0, 0, 0, 0, 0, 0, 0, 0, 0, 0, 0, 0, 0, 0, 0, 0, 0, 0, 0, 0, 0, 0, 0, 0, 0, 0, 0, 0, 0, 0, 0, 0, 0, 0, 0, 0, 0, 0, 0, 0, 0, 0, 0, 0, 0, 0, 0, 0, 0, 0, 0, 0, 0, 0, 0, 0, 0, 0, 0, 0, 0, 0, 0, 0, 0, 0, 0, 0, 0, 0, 0, 0, 0, 0, 0, 0, 0, 0, 0, 0, 0, 0, 0, 0, 0, 0, 0, 0, 0, 0, 0, 0, 0, 0, 0, 0, 0, 0, 0, 0, 0, 0, 0, 0, 0, 0, 0, 0, 0, 0, 0, 0, 0, 0, 0, 0, 0, 0, 0, 0, 0, 0, 0, 0, 0, 0, 0, 0, 0, 0, 0, 0, 0, 0, 0, 0, 0, 0, 0, 0, 0, 0, 0, 0, 0, 0, 0, 0, 0, 0, 0, 0, 0, 0, 0, 0, 0, 0, 0, 0, 0, 0, 0, 0, 0, 0, 0, 0, 0, 0, 0, 0, 0, 0, 0, 0, 0, 0, 0, 0, 0, 0, 0, 0, 0, 0, 0, 0, 0, 0, 0, 0, 0, 0, 0, 0, 0, 0, 0, 0, 0, 0, 0, 0, 0, 0, 0, 0, 0, 0, 0, 0, 0, 0, 0, 0, 0, 0, 0, 0, 0, 0, 0, 0, 0, 0, 0, 0, 0, 0, 0, 0, 0, 0, 0, 0, 0, 0, 0, 0, 0, 0, 0, 0, 0, 0, 0, 0, 0, 0, 0, 0, 0, 0, 0, 0, 0, 0, 0, 0, 0, 0, 0, 0, 0, 0, 0, 0, 0, 0, 0, 0, 0, 0, 0, 0, 0, 0, 0, 0, 0, 0, 0, 0, 0, 0, 0, 0, 0, 0, 0, 0, 0, 0, 0, 0, 0, 0, 0, 0, 0, 0, 0, 0, 0, 0, 0, 0, 0, 0, 0, 0, 0, 0, 0, 0, 0, 0, 0, 0, 0, 0, 0, 0, 0, 0, 0, 0, 0, 0, 0, 0, 0, 0, 0, 0, 0, 0, 0, 0, 0, 0, 0, 0, 0, 0, 0, 0, 0, 0, 0, 0, 0, 0, 0, 0, 0, 0, 0, 0, 0, 0, 0, 0, 0, 0, 0, 0, 0, 0, 0, 0, 0, 0, 0, 0, 0, 0, 0, 0, 0, 0, 0, 0, 0, 0, 0, 0, 0, 0, 0, 0, 0, 0]


Generating Feedback:
Farthest First
Computing pairwise distances between representatives.
Beginning Queries
Feedback: 2
	{'up': [609]}
	{'right': [384]}
Number of Queries: 2

Merging Subclusters:
Generating Data

Train All

Merged Feedback:
	[[384], [609]] 2

Connot Link Subcluster Constraints:
	[set([1]), set([0])] 2

Test All

Creating files for: _deploy
Train_data: (2, 3, 64, 64)
Data: (624, 3, 64, 64)
Creating files for: _train
Network:
layer {
  name: "data"
  type: "HDF5Data"
  top: "data"
  top: "labels"
  hdf5_data_param {
    source: "_train.txt"
    batch_size: 10
    shuffle: true
  }
}
layer {
  name: "ip1"
  type: "InnerProduct"
  bottom: "data"
  top: "ip1"
  param {
    name: "ip1_w"
    lr_mult: 1
  }
  param {
    name: "ip1_b"
    lr_mult: 2
  }
  inner_product_param {
    num_output: 500
    weight_filler {
      type: "xavier"
    }
    bias_filler {
      type: "gaussian"
      std: 0.1
    }
  }
}
layer {
  name: "s1"
  type: "Sigmoid"
  bottom: "ip1"
  top: "ip1"
}
layer {
  name: "ip2"
  type: "InnerProduct"
  bottom: "ip1"
  top: "ip2"
  param {
    name: "ip2_w"
    lr_mult: 1
  }
  param {
    name: "ip2_b"
    lr_mult: 2
  }
  inner_product_param {
    num_output: 250
    weight_filler {
      type: "xavier"
    }
    bias_filler {
      type: "constant"
    }
  }
}
layer {
  name: "s2"
  type: "Sigmoid"
  bottom: "ip2"
  top: "ip2"
}
layer {
  name: "feat"
  type: "InnerProduct"
  bottom: "ip2"
  top: "feat"
  param {
    name: "feat_w"
    lr_mult: 1
  }
  param {
    name: "feat_b"
    lr_mult: 2
  }
  inner_product_param {
    num_output: 100
    weight_filler {
      type: "xavier"
    }
    bias_filler {
      type: "constant"
    }
  }
}
layer {
  name: "loss"
  type: "WrapperContrastiveLoss"
  bottom: "feat"
  bottom: "labels"
  top: "loss"
  contrastive_loss_param {
    margin: 1
  }
}


Training siamese network
data (624, 3, 64, 64)
targets: (624,)
K: 2
Reclustering

~! 2 !~
Accuracy: 172 of 624: 27.564 %
H: 0.002490 C: 0.004987 V: 0.003322 JCC: 0.199764



~! 7 !~
Accuracy: 334 of 624: 53.526 %
H: 0.212277 C: 0.269141 V: 0.237351 JCC: 0.290576



~! 12 !~
Accuracy: 334 of 624: 53.526 %
H: 0.249032 C: 0.324928 V: 0.281962 JCC: 0.295088



~! 17 !~
Accuracy: 382 of 624: 61.218 %
H: 0.390681 C: 0.413502 V: 0.401768 JCC: 0.341020



~! 22 !~
Accuracy: 432 of 624: 69.231 %
H: 0.446195 C: 0.452669 V: 0.449409 JCC: 0.377473



~! 27 !~
Accuracy: 414 of 624: 66.346 %
H: 0.442659 C: 0.444616 V: 0.443635 JCC: 0.377059



~! 32 !~
Accuracy: 420 of 624: 67.308 %
H: 0.428116 C: 0.433957 V: 0.431017 JCC: 0.364590



~! 37 !~
Accuracy: 385 of 624: 61.699 %
H: 0.462915 C: 0.471639 V: 0.467236 JCC: 0.371493



~! 42 !~
Accuracy: 409 of 624: 65.545 %
H: 0.478921 C: 0.483547 V: 0.481223 JCC: 0.387603



~! 47 !~
Accuracy: 421 of 624: 67.468 %
H: 0.449336 C: 0.457443 V: 0.453353 JCC: 0.377990



~! 52 !~
Accuracy: 514 of 624: 82.372 %
H: 0.590671 C: 0.596126 V: 0.593386 JCC: 0.537415



~! 57 !~
Accuracy: 468 of 624: 75.000 %
H: 0.510628 C: 0.518839 V: 0.514701 JCC: 0.429754



~! 62 !~
Accuracy: 479 of 624: 76.763 %
H: 0.538361 C: 0.540333 V: 0.539345 JCC: 0.471154



~! 67 !~
Accuracy: 454 of 624: 72.756 %
H: 0.514134 C: 0.521803 V: 0.517940 JCC: 0.427180



~! 72 !~
Accuracy: 494 of 624: 79.167 %
H: 0.579121 C: 0.583551 V: 0.581327 JCC: 0.502043



~! 77 !~
Accuracy: 458 of 624: 73.397 %
H: 0.566348 C: 0.573284 V: 0.569795 JCC: 0.468299



~! 82 !~
Accuracy: 471 of 624: 75.481 %
H: 0.565881 C: 0.569498 V: 0.567683 JCC: 0.467244



~! 87 !~
Accuracy: 455 of 624: 72.917 %
H: 0.524663 C: 0.529251 V: 0.526947 JCC: 0.423941



~! 92 !~
Accuracy: 520 of 624: 83.333 %
H: 0.633322 C: 0.633369 V: 0.633345 JCC: 0.574465



~! 97 !~
Accuracy: 481 of 624: 77.083 %
H: 0.601229 C: 0.612931 V: 0.607024 JCC: 0.488634



~! 102 !~
Accuracy: 537 of 624: 86.058 %
H: 0.707829 C: 0.717168 V: 0.712468 JCC: 0.638064



~! 107 !~
Accuracy: 488 of 624: 78.205 %
H: 0.579122 C: 0.580953 V: 0.580036 JCC: 0.493345



~! 112 !~
Accuracy: 539 of 624: 86.378 %
H: 0.719744 C: 0.723031 V: 0.721384 JCC: 0.633105



~! 117 !~
Accuracy: 543 of 624: 87.019 %
H: 0.704377 C: 0.714034 V: 0.709173 JCC: 0.638573



~! 122 !~
Accuracy: 524 of 624: 83.974 %
H: 0.655281 C: 0.656978 V: 0.656128 JCC: 0.580018



~! 127 !~
Accuracy: 554 of 624: 88.782 %
H: 0.767520 C: 0.777981 V: 0.772715 JCC: 0.689096



~! 132 !~
Accuracy: 560 of 624: 89.744 %
H: 0.762418 C: 0.771385 V: 0.766875 JCC: 0.700691



~! 137 !~
Accuracy: 538 of 624: 86.218 %
H: 0.704850 C: 0.704892 V: 0.704871 JCC: 0.634422



~! 142 !~
Accuracy: 541 of 624: 86.699 %
H: 0.707179 C: 0.707352 V: 0.707265 JCC: 0.632197



~! 147 !~
Accuracy: 541 of 624: 86.699 %
H: 0.712689 C: 0.715300 V: 0.713992 JCC: 0.642329



~! 152 !~
Accuracy: 553 of 624: 88.622 %
H: 0.732840 C: 0.734567 V: 0.733703 JCC: 0.663285



~! 157 !~
Accuracy: 540 of 624: 86.538 %
H: 0.727923 C: 0.730297 V: 0.729108 JCC: 0.640615



~! 162 !~
Accuracy: 588 of 624: 94.231 %
H: 0.847189 C: 0.847969 V: 0.847579 JCC: 0.808955



~! 167 !~
Accuracy: 570 of 624: 91.346 %
H: 0.799304 C: 0.802744 V: 0.801021 JCC: 0.738799



~! 172 !~
Accuracy: 568 of 624: 91.026 %
H: 0.792400 C: 0.792530 V: 0.792465 JCC: 0.732242



~! 177 !~
Accuracy: 582 of 624: 93.269 %
H: 0.824188 C: 0.824589 V: 0.824388 JCC: 0.780926



~! 182 !~
Accuracy: 584 of 624: 93.590 %
H: 0.840858 C: 0.841046 V: 0.840952 JCC: 0.794129



~! 187 !~
Accuracy: 579 of 624: 92.788 %
H: 0.808616 C: 0.808689 V: 0.808653 JCC: 0.769125



~! 192 !~
Accuracy: 572 of 624: 91.667 %
H: 0.805801 C: 0.806245 V: 0.806023 JCC: 0.744593



~! 197 !~
Accuracy: 576 of 624: 92.308 %
H: 0.810458 C: 0.813167 V: 0.811811 JCC: 0.756752



~! 202 !~
Accuracy: 585 of 624: 93.750 %
H: 0.844515 C: 0.847358 V: 0.845934 JCC: 0.795190



~! 207 !~
Accuracy: 585 of 624: 93.750 %
H: 0.850347 C: 0.850398 V: 0.850373 JCC: 0.799193



~! 212 !~
Accuracy: 586 of 624: 93.910 %
H: 0.854181 C: 0.854307 V: 0.854244 JCC: 0.802534



~! 217 !~
Accuracy: 574 of 624: 91.987 %
H: 0.802441 C: 0.803958 V: 0.803199 JCC: 0.747482



~! 222 !~
Accuracy: 593 of 624: 95.032 %
H: 0.872529 C: 0.872920 V: 0.872724 JCC: 0.833374



~! 227 !~
Accuracy: 583 of 624: 93.429 %
H: 0.842056 C: 0.843567 V: 0.842811 JCC: 0.788905



~! 232 !~
Accuracy: 584 of 624: 93.590 %
H: 0.838866 C: 0.838878 V: 0.838872 JCC: 0.793477



~! 237 !~
Accuracy: 591 of 624: 94.712 %
H: 0.861117 C: 0.861355 V: 0.861236 JCC: 0.823474



~! 242 !~
Accuracy: 600 of 624: 96.154 %
H: 0.892179 C: 0.892657 V: 0.892418 JCC: 0.865333



~! 247 !~
Accuracy: 594 of 624: 95.192 %
H: 0.870103 C: 0.872022 V: 0.871061 JCC: 0.833544



~! 252 !~
Accuracy: 589 of 624: 94.391 %
H: 0.853152 C: 0.854083 V: 0.853617 JCC: 0.812974



~! 257 !~
Accuracy: 587 of 624: 94.071 %
H: 0.848818 C: 0.849608 V: 0.849213 JCC: 0.804005



~! 262 !~
Accuracy: 590 of 624: 94.551 %
H: 0.849107 C: 0.849270 V: 0.849188 JCC: 0.816557



~! 267 !~
Accuracy: 590 of 624: 94.551 %
H: 0.850963 C: 0.851239 V: 0.851101 JCC: 0.816622



~! 272 !~
Accuracy: 590 of 624: 94.551 %
H: 0.849191 C: 0.849491 V: 0.849341 JCC: 0.815913



~! 277 !~
Accuracy: 592 of 624: 94.872 %
H: 0.865052 C: 0.865064 V: 0.865058 JCC: 0.827878



~! 282 !~
Accuracy: 590 of 624: 94.551 %
H: 0.857366 C: 0.857619 V: 0.857493 JCC: 0.817093



~! 287 !~
Accuracy: 592 of 624: 94.872 %
H: 0.860409 C: 0.860970 V: 0.860689 JCC: 0.824729



~! 292 !~
Accuracy: 592 of 624: 94.872 %
H: 0.863754 C: 0.864631 V: 0.864193 JCC: 0.825653



~! 297 !~
Accuracy: 588 of 624: 94.231 %
H: 0.851959 C: 0.852268 V: 0.852113 JCC: 0.808939



~! 302 !~
Accuracy: 587 of 624: 94.071 %
H: 0.849567 C: 0.849824 V: 0.849696 JCC: 0.804236



~! 307 !~
Accuracy: 588 of 624: 94.231 %
H: 0.854971 C: 0.855386 V: 0.855178 JCC: 0.808750



~! 312 !~
Accuracy: 587 of 624: 94.071 %
H: 0.844942 C: 0.845375 V: 0.845159 JCC: 0.802290



~! 317 !~
Accuracy: 589 of 624: 94.391 %
H: 0.854745 C: 0.854909 V: 0.854827 JCC: 0.812915



~! 322 !~
Accuracy: 586 of 624: 93.910 %
H: 0.849725 C: 0.849901 V: 0.849813 JCC: 0.800536



~! 327 !~
Accuracy: 587 of 624: 94.071 %
H: 0.843456 C: 0.843594 V: 0.843525 JCC: 0.803176



~! 332 !~
Accuracy: 588 of 624: 94.231 %
H: 0.847875 C: 0.847963 V: 0.847919 JCC: 0.808285



~! 337 !~
Accuracy: 591 of 624: 94.712 %
H: 0.854239 C: 0.854655 V: 0.854447 JCC: 0.820144



~! 342 !~
Accuracy: 590 of 624: 94.551 %
H: 0.855915 C: 0.856493 V: 0.856204 JCC: 0.816091



~! 347 !~
Accuracy: 590 of 624: 94.551 %
H: 0.851416 C: 0.851742 V: 0.851579 JCC: 0.815818



~! 352 !~
Accuracy: 588 of 624: 94.231 %
H: 0.850401 C: 0.850776 V: 0.850589 JCC: 0.807624



~! 357 !~
Accuracy: 596 of 624: 95.513 %
H: 0.882886 C: 0.883044 V: 0.882965 JCC: 0.846615



~! 362 !~
Accuracy: 592 of 624: 94.872 %
H: 0.867711 C: 0.867711 V: 0.867711 JCC: 0.828359



~! 367 !~
Accuracy: 597 of 624: 95.673 %
H: 0.880345 C: 0.881129 V: 0.880737 JCC: 0.849860



~! 372 !~
Accuracy: 595 of 624: 95.353 %
H: 0.866635 C: 0.867541 V: 0.867088 JCC: 0.838027



~! 377 !~
Accuracy: 598 of 624: 95.833 %
H: 0.888340 C: 0.888399 V: 0.888369 JCC: 0.855857



~! 382 !~
Accuracy: 598 of 624: 95.833 %
H: 0.889433 C: 0.889961 V: 0.889697 JCC: 0.855867



~! 387 !~
Accuracy: 597 of 624: 95.673 %
H: 0.881014 C: 0.882126 V: 0.881570 JCC: 0.849209



~! 392 !~
Accuracy: 599 of 624: 95.994 %
H: 0.884189 C: 0.884720 V: 0.884454 JCC: 0.859308



~! 397 !~
Accuracy: 600 of 624: 96.154 %
H: 0.890715 C: 0.890993 V: 0.890854 JCC: 0.864971



~! 402 !~
Accuracy: 597 of 624: 95.673 %
H: 0.877640 C: 0.877886 V: 0.877763 JCC: 0.849530



~! 407 !~
Accuracy: 598 of 624: 95.833 %
H: 0.881430 C: 0.882084 V: 0.881757 JCC: 0.854543



~! 412 !~
Accuracy: 595 of 624: 95.353 %
H: 0.869500 C: 0.869976 V: 0.869738 JCC: 0.839738



~! 417 !~
Accuracy: 593 of 624: 95.032 %
H: 0.870363 C: 0.870440 V: 0.870402 JCC: 0.832708



~! 422 !~
Accuracy: 599 of 624: 95.994 %
H: 0.888485 C: 0.889080 V: 0.888782 JCC: 0.860195



~! 427 !~
Accuracy: 597 of 624: 95.673 %
H: 0.886259 C: 0.886674 V: 0.886466 JCC: 0.851211



~! 432 !~
Accuracy: 598 of 624: 95.833 %
H: 0.878737 C: 0.879335 V: 0.879035 JCC: 0.853716



~! 437 !~
Accuracy: 597 of 624: 95.673 %
H: 0.879592 C: 0.880124 V: 0.879858 JCC: 0.849310



~! 442 !~
Accuracy: 595 of 624: 95.353 %
H: 0.873738 C: 0.874292 V: 0.874015 JCC: 0.840071



~! 447 !~
Accuracy: 599 of 624: 95.994 %
H: 0.881578 C: 0.882060 V: 0.881819 JCC: 0.858531



~! 452 !~
Accuracy: 600 of 624: 96.154 %
H: 0.891236 C: 0.891714 V: 0.891475 JCC: 0.864974



~! 457 !~
Accuracy: 602 of 624: 96.474 %
H: 0.898406 C: 0.899142 V: 0.898774 JCC: 0.874736



~! 462 !~
Accuracy: 601 of 624: 96.314 %
H: 0.894728 C: 0.895327 V: 0.895028 JCC: 0.869824



~! 467 !~
Accuracy: 600 of 624: 96.154 %
H: 0.892966 C: 0.893838 V: 0.893401 JCC: 0.864800



~! 472 !~
Accuracy: 600 of 624: 96.154 %
H: 0.889276 C: 0.889929 V: 0.889602 JCC: 0.864129



~! 477 !~
Accuracy: 600 of 624: 96.154 %
H: 0.891236 C: 0.891714 V: 0.891475 JCC: 0.864974



~! 482 !~
Accuracy: 602 of 624: 96.474 %
H: 0.899514 C: 0.900559 V: 0.900036 JCC: 0.874756



~! 487 !~
Accuracy: 602 of 624: 96.474 %
H: 0.895422 C: 0.896238 V: 0.895829 JCC: 0.874388



~! 492 !~
Accuracy: 606 of 624: 97.115 %
H: 0.910359 C: 0.910644 V: 0.910502 JCC: 0.894992



~! 497 !~
Accuracy: 603 of 624: 96.635 %
H: 0.902310 C: 0.903197 V: 0.902753 JCC: 0.879711



~! 502 !~
Accuracy: 602 of 624: 96.474 %
H: 0.899514 C: 0.900559 V: 0.900036 JCC: 0.874756



~! 507 !~
Accuracy: 603 of 624: 96.635 %
H: 0.902310 C: 0.903197 V: 0.902753 JCC: 0.879711



~! 512 !~
Accuracy: 602 of 624: 96.474 %
H: 0.899514 C: 0.900559 V: 0.900036 JCC: 0.874756



~! 517 !~
Accuracy: 603 of 624: 96.635 %
H: 0.902310 C: 0.903197 V: 0.902753 JCC: 0.879711



~! 522 !~
Accuracy: 602 of 624: 96.474 %
H: 0.896844 C: 0.897796 V: 0.897320 JCC: 0.873924



~! 527 !~
Accuracy: 602 of 624: 96.474 %
H: 0.898406 C: 0.899142 V: 0.898774 JCC: 0.874736



~! 532 !~
Accuracy: 605 of 624: 96.955 %
H: 0.908136 C: 0.908745 V: 0.908440 JCC: 0.889826



~! 537 !~
Accuracy: 601 of 624: 96.314 %
H: 0.894728 C: 0.895327 V: 0.895028 JCC: 0.869824



~! 542 !~
Accuracy: 603 of 624: 96.635 %
H: 0.902310 C: 0.903197 V: 0.902753 JCC: 0.879711



~! 547 !~
Accuracy: 603 of 624: 96.635 %
H: 0.902310 C: 0.903197 V: 0.902753 JCC: 0.879711



~! 552 !~
Accuracy: 605 of 624: 96.955 %
H: 0.908136 C: 0.908745 V: 0.908440 JCC: 0.889826



~! 557 !~
Accuracy: 603 of 624: 96.635 %
H: 0.901263 C: 0.901867 V: 0.901565 JCC: 0.879699



~! 562 !~
Accuracy: 606 of 624: 97.115 %
H: 0.911180 C: 0.911668 V: 0.911424 JCC: 0.894986



~! 567 !~
Accuracy: 605 of 624: 96.955 %
H: 0.904271 C: 0.904710 V: 0.904490 JCC: 0.889522



~! 572 !~
Accuracy: 604 of 624: 96.795 %
H: 0.901234 C: 0.901786 V: 0.901510 JCC: 0.884409



~! 577 !~
Accuracy: 606 of 624: 97.115 %
H: 0.906294 C: 0.906328 V: 0.906311 JCC: 0.894824



~! 582 !~
Accuracy: 604 of 624: 96.795 %
H: 0.901234 C: 0.901786 V: 0.901510 JCC: 0.884409



~! 587 !~
Accuracy: 604 of 624: 96.795 %
H: 0.905182 C: 0.905923 V: 0.905552 JCC: 0.884734



~! 592 !~
Accuracy: 604 of 624: 96.795 %
H: 0.901234 C: 0.901786 V: 0.901510 JCC: 0.884409



~! 597 !~
Accuracy: 604 of 624: 96.795 %
H: 0.900323 C: 0.900659 V: 0.900491 JCC: 0.884410



~! 602 !~
Accuracy: 605 of 624: 96.955 %
H: 0.904271 C: 0.904710 V: 0.904490 JCC: 0.889522



~! 607 !~
Accuracy: 605 of 624: 96.955 %
H: 0.904271 C: 0.904710 V: 0.904490 JCC: 0.889522



~! 612 !~
Accuracy: 606 of 624: 97.115 %
H: 0.911180 C: 0.911668 V: 0.911424 JCC: 0.894986



~! 617 !~
Accuracy: 606 of 624: 97.115 %
H: 0.907406 C: 0.907745 V: 0.907576 JCC: 0.894704



~! 622 !~
Accuracy: 604 of 624: 96.795 %
H: 0.900323 C: 0.900659 V: 0.900491 JCC: 0.884410


INCREMENT: (622)
SubClusters: 624
Accuracy: 624 of 624: 100.000 %
H: 1.000000 C: 0.215391 V: 0.354439 JCC: 0.000000


Final
Accuracy: 604 of 624: 96.795 %
H: 0.900323 C: 0.900659 V: 0.900491 JCC: 0.884410

Rows are labels, Columns are Clusters

       0    1    2    3
  0    0    1    5  150
  1    0  155    0    0
  2    1    1  143   11
  3  156    0    0    1



Total Time: 19 h 17 m 10.258111 s




Solver:
net: "_TRAIN_NET.prototxt"
base_lr: 0.01
lr_policy: "inv"
gamma: 0.0001
power: 0.75
momentum: 0.9
max_iter: 10000
display: 1000
weight_decay: 0.000000
solver_mode: GPU
